[
    {
        "house_id": 1,
        "appliance_names": [
            "Chest_Freezer",
            "Computer_Site",
            "Dishwasher",
            "Electric_Heater",
            "Fridge",
            "Television_Site",
            "Tumble_Dryer",
            "Upright_Freezer",
            "Washing_Machine"
        ],
        "mean_adjacency": [
            [
                1.0,
                0.09904658049345016,
                0.0488746240735054,
                0.0,
                0.2719120383262634,
                0.0778610110282898,
                0.37137314677238464,
                0.15549203753471375,
                0.06732749193906784
            ],
            [
                0.09904658049345016,
                1.0,
                0.03195289522409439,
                0.0,
                0.1505390703678131,
                0.0831734910607338,
                0.12133949249982834,
                0.10914770513772964,
                0.04693446680903435
            ],
            [
                0.0488746240735054,
                0.03195289522409439,
                1.0,
                0.0,
                0.06030568107962608,
                0.03890390694141388,
                0.04745260253548622,
                0.021763594821095467,
                0.025744223967194557
            ],
            [
                0.0,
                0.0,
                0.0,
                1.0,
                0.0,
                0.0,
                0.0,
                0.0,
                0.0
            ],
            [
                0.2719120383262634,
                0.1505390703678131,
                0.06030568107962608,
                0.0,
                1.0,
                0.11485231667757034,
                0.3302081823348999,
                0.3199938237667084,
                0.06904836744070053
            ],
            [
                0.0778610110282898,
                0.0831734910607338,
                0.03890390694141388,
                0.0,
                0.11485231667757034,
                1.0,
                0.10119117051362991,
                0.08567198365926743,
                0.04256797581911087
            ],
            [
                0.37137314677238464,
                0.12133949249982834,
                0.04745260253548622,
                0.0,
                0.3302081823348999,
                0.10119117051362991,
                1.0,
                0.2211022675037384,
                0.061872921884059906
            ],
            [
                0.15549203753471375,
                0.10914770513772964,
                0.021763594821095467,
                0.0,
                0.31999388337135315,
                0.08567199110984802,
                0.22110223770141602,
                1.0,
                0.029209284111857414
            ],
            [
                0.06732749193906784,
                0.046934470534324646,
                0.025744223967194557,
                0.0,
                0.06904836744070053,
                0.04256797581911087,
                0.061872925609350204,
                0.029209284111857414,
                1.0
            ]
        ],
        "normal_errors": [
            0.04385273903608322,
            0.12526093423366547,
            0.02382979355752468,
            0.0153927281498909,
            0.13313798606395721,
            0.10239332914352417,
            0.06456957757472992,
            0.09299702942371368,
            0.026717960834503174
        ],
        "faulty_errors": [
            0.041804514825344086,
            0.12527146935462952,
            0.02554130181670189,
            0.0153927281498909,
            0.12361649423837662,
            0.10235735028982162,
            0.07571414858102798,
            0.08723236620426178,
            0.02862624265253544
        ],
        "drift_ratios": [
            0.9532931075902258,
            1.0000840974158816,
            1.0718221575534637,
            0.9999999350342627,
            0.9284840259676854,
            0.9996486113533751,
            1.1725978433233823,
            0.9380123839096055,
            1.0714231433465087
        ],
        "statuses": [
            "WARNING",
            "OK",
            "WARNING",
            "OK",
            "WARNING",
            "OK",
            "ALERT (FAULT)",
            "WARNING",
            "WARNING"
        ],
        "injected_nodes": [
            0,
            2,
            4,
            6,
            7,
            8
        ]
    },
    {
        "house_id": 2,
        "appliance_names": [
            "Dishwasher",
            "Fridge_Freezer",
            "Hi_Fi",
            "Kettle",
            "Microwave",
            "Oven_Extractor_Fan",
            "Television",
            "Toaster",
            "Washing_Machine"
        ],
        "mean_adjacency": [
            [
                1.0,
                0.2113647311925888,
                0.07907790690660477,
                0.0,
                0.04937928169965744,
                0.010629305616021156,
                0.3407268226146698,
                0.003002212382853031,
                0.1970026195049286
            ],
            [
                0.2113647311925888,
                1.0,
                0.13455700874328613,
                0.0,
                0.10590124130249023,
                0.01565576158463955,
                0.39727723598480225,
                0.020318670198321342,
                0.3731934428215027
            ],
            [
                0.07907790690660477,
                0.13455700874328613,
                1.0,
                0.0,
                0.04771672934293747,
                0.022149337455630302,
                0.15937063097953796,
                0.03373689204454422,
                0.13090340793132782
            ],
            [
                0.0,
                0.0,
                0.0,
                1.0,
                0.0,
                0.0,
                0.0,
                0.0,
                0.0
            ],
            [
                0.04937928169965744,
                0.10590124130249023,
                0.04771672934293747,
                0.0,
                1.0,
                0.006211769767105579,
                0.07781847566366196,
                0.03705402836203575,
                0.06957430392503738
            ],
            [
                0.010629305616021156,
                0.01565576158463955,
                0.022149337455630302,
                0.0,
                0.006211769767105579,
                1.0,
                0.013680611737072468,
                0.02321937307715416,
                0.012598084285855293
            ],
            [
                0.3407268226146698,
                0.39727723598480225,
                0.15937063097953796,
                0.0,
                0.07781847566366196,
                0.013680611737072468,
                1.0,
                0.039450839161872864,
                0.4961155354976654
            ],
            [
                0.003002212382853031,
                0.020318668335676193,
                0.03373689576983452,
                0.0,
                0.03705402836203575,
                0.02321937307715416,
                0.039450839161872864,
                1.0,
                0.02755376510322094
            ],
            [
                0.1970026195049286,
                0.3731934726238251,
                0.130903422832489,
                0.0,
                0.06957429647445679,
                0.012598082423210144,
                0.4961155354976654,
                0.02755376510322094,
                1.0
            ]
        ],
        "normal_errors": [
            0.04234135150909424,
            0.10854999721050262,
            0.10513214021921158,
            0.03151587396860123,
            0.04847937077283859,
            0.02781379222869873,
            0.08165881782770157,
            0.02736419439315796,
            0.10171470791101456
        ],
        "faulty_errors": [
            0.041416145861148834,
            0.10399170964956284,
            0.10515681654214859,
            0.03151587396860123,
            0.04848259314894676,
            0.02781434915959835,
            0.08167825639247894,
            0.027366016060113907,
            0.10609421879053116
        ],
        "drift_ratios": [
            0.9781488640981253,
            0.9580074745639309,
            1.0002347076988145,
            0.9999999682699592,
            1.000066448388054,
            1.0000199875973423,
            1.0002380338713739,
            1.000066534642433,
            1.0430568000086204
        ],
        "statuses": [
            "WARNING",
            "WARNING",
            "OK",
            "OK",
            "OK",
            "OK",
            "OK",
            "OK",
            "WARNING"
        ],
        "injected_nodes": [
            0,
            1,
            8
        ]
    },
    {
        "house_id": 3,
        "appliance_names": [
            "Dishwasher",
            "Freezer",
            "Fridge_Freezer",
            "Kettle",
            "Microwave",
            "Television",
            "Toaster",
            "Tumble_Dryer",
            "Washing_Machine"
        ],
        "mean_adjacency": [
            [
                1.0,
                0.058631718158721924,
                0.056552328169345856,
                0.0,
                0.0,
                0.043795015662908554,
                0.11250460147857666,
                0.03936884552240372,
                0.06203566491603851
            ],
            [
                0.058631718158721924,
                1.0,
                0.18103452026844025,
                0.0,
                0.0,
                0.11082959920167923,
                0.29339393973350525,
                0.3544454276561737,
                0.05386372655630112
            ],
            [
                0.056552328169345856,
                0.18103452026844025,
                1.0,
                0.0,
                0.0,
                0.11643154919147491,
                0.3109655976295471,
                0.30816569924354553,
                0.04523804783821106
            ],
            [
                0.0,
                0.0,
                0.0,
                1.0,
                0.0,
                0.0,
                0.0,
                0.0,
                0.0
            ],
            [
                0.0,
                0.0,
                0.0,
                0.0,
                1.0,
                0.0,
                0.0,
                0.0,
                0.0
            ],
            [
                0.043795015662908554,
                0.11082959920167923,
                0.11643154919147491,
                0.0,
                0.0,
                1.0,
                0.1514989584684372,
                0.1368560642004013,
                0.041664447635412216
            ],
            [
                0.11250460147857666,
                0.29339393973350525,
                0.3109655976295471,
                0.0,
                0.0,
                0.1514989584684372,
                1.0,
                0.4079712927341461,
                0.06589093804359436
            ],
            [
                0.03936884552240372,
                0.3544454276561737,
                0.30816566944122314,
                0.0,
                0.0,
                0.1368560791015625,
                0.40797126293182373,
                1.0,
                0.06842610239982605
            ],
            [
                0.06203566864132881,
                0.053863730281591415,
                0.04523804783821106,
                0.0,
                0.0,
                0.04166444391012192,
                0.06589095294475555,
                0.06842610239982605,
                1.0
            ]
        ],
        "normal_errors": [
            0.05167226865887642,
            0.12302104383707047,
            0.03981553390622139,
            0.015038703568279743,
            0.026735350489616394,
            0.12062990665435791,
            0.16081686317920685,
            0.08282364904880524,
            0.027987102046608925
        ],
        "faulty_errors": [
            0.05550699681043625,
            0.10544466972351074,
            0.03959434852004051,
            0.015038703568279743,
            0.026735350489616394,
            0.12063717842102051,
            0.16081736981868744,
            0.0944276750087738,
            0.03012949600815773
        ],
        "drift_ratios": [
            1.0742124775411541,
            0.8571270863709706,
            0.9944447214711081,
            0.9999999335049109,
            0.9999999625963399,
            1.0000602733335702,
            1.0000031441943802,
            1.1401052109286502,
            1.076549293364909
        ],
        "statuses": [
            "WARNING",
            "WARNING",
            "WARNING",
            "OK",
            "OK",
            "OK",
            "OK",
            "WARNING",
            "WARNING"
        ],
        "injected_nodes": [
            0,
            1,
            2,
            7,
            8
        ]
    },
    {
        "house_id": 4,
        "appliance_names": [
            "Computer_Site",
            "Freezer",
            "Fridge",
            "Fridge_Freezer",
            "Kettle",
            "Microwave",
            "Television_Site",
            "Washing_Machine_1",
            "Washing_Machine_2"
        ],
        "mean_adjacency": [
            [
                1.0,
                0.02224220521748066,
                0.062388498336076736,
                0.045999448746442795,
                0.0,
                0.0,
                0.034600142389535904,
                0.03767106682062149,
                0.03051052801311016
            ],
            [
                0.02224220521748066,
                1.0,
                0.2912595868110657,
                0.30313366651535034,
                0.0,
                0.0,
                0.09606605023145676,
                0.2908923923969269,
                0.04306633770465851
            ],
            [
                0.062388498336076736,
                0.2912595868110657,
                1.0,
                0.2712387144565582,
                0.0,
                0.0,
                0.13915328681468964,
                0.39017343521118164,
                0.11797065287828445
            ],
            [
                0.045999448746442795,
                0.30313366651535034,
                0.2712387144565582,
                1.0,
                0.0,
                0.0,
                0.10388615727424622,
                0.31126299500465393,
                0.04385383427143097
            ],
            [
                0.0,
                0.0,
                0.0,
                0.0,
                1.0,
                0.0,
                0.0,
                0.0,
                0.0
            ],
            [
                0.0,
                0.0,
                0.0,
                0.0,
                0.0,
                1.0,
                0.0,
                0.0,
                0.0
            ],
            [
                0.034600142389535904,
                0.09606605023145676,
                0.13915328681468964,
                0.10388615727424622,
                0.0,
                0.0,
                1.0,
                0.14766989648342133,
                0.04599585756659508
            ],
            [
                0.03767106682062149,
                0.2908923923969269,
                0.39017346501350403,
                0.31126299500465393,
                0.0,
                0.0,
                0.14766988158226013,
                1.0,
                0.09314155578613281
            ],
            [
                0.030510524287819862,
                0.04306633397936821,
                0.11797064542770386,
                0.04385383427143097,
                0.0,
                0.0,
                0.04599585011601448,
                0.09314155578613281,
                1.0
            ]
        ],
        "normal_errors": [
            0.011299578472971916,
            0.08790236711502075,
            0.11264866590499878,
            0.07244430482387543,
            0.018588688224554062,
            0.035785574465990067,
            0.11159493029117584,
            0.08920557796955109,
            0.014993004500865936
        ],
        "faulty_errors": [
            0.011300084181129932,
            0.07735510170459747,
            0.11044973134994507,
            0.06493677943944931,
            0.018588688224554062,
            0.035785574465990067,
            0.11159911006689072,
            0.09748033434152603,
            0.015983760356903076
        ],
        "drift_ratios": [
            1.0000446661010016,
            0.8800115783385708,
            0.9804797019310654,
            0.8963683025319036,
            0.9999999462038454,
            0.9999999720557798,
            1.0000374459275752,
            1.0927605141691799,
            1.0660811373663486
        ],
        "statuses": [
            "OK",
            "WARNING",
            "WARNING",
            "WARNING",
            "OK",
            "OK",
            "OK",
            "WARNING",
            "WARNING"
        ],
        "injected_nodes": [
            1,
            2,
            3,
            7,
            8
        ]
    },
    {
        "house_id": 5,
        "appliance_names": [
            "Combination_Microwave",
            "Computer_Site",
            "Dishwasher",
            "Fridge_Freezer",
            "Kettle",
            "Television_Site",
            "Toaster",
            "Tumble_Dryer",
            "Washing_Machine"
        ],
        "mean_adjacency": [
            [
                1.0,
                0.0,
                0.0,
                0.0,
                0.0,
                0.0,
                0.0,
                0.0,
                0.0
            ],
            [
                0.0,
                1.0,
                0.09582430869340897,
                0.10106134414672852,
                0.0,
                0.02097231335937977,
                0.0,
                0.08593159168958664,
                0.04196067899465561
            ],
            [
                0.0,
                0.09582430869340897,
                1.0,
                0.44537922739982605,
                0.0,
                0.04326141998171806,
                0.0,
                0.41540005803108215,
                0.3766329884529114
            ],
            [
                0.0,
                0.10106134414672852,
                0.44537922739982605,
                1.0,
                0.0,
                0.031099528074264526,
                0.0,
                0.32461458444595337,
                0.2529069483280182
            ],
            [
                0.0,
                0.0,
                0.0,
                0.0,
                1.0,
                0.0,
                0.0,
                0.0,
                0.0
            ],
            [
                0.0,
                0.02097231335937977,
                0.04326141998171806,
                0.031099528074264526,
                0.0,
                1.0,
                0.0,
                0.040439423173666,
                0.04340049624443054
            ],
            [
                0.0,
                0.0,
                0.0,
                0.0,
                0.0,
                0.0,
                1.0,
                0.0,
                0.0
            ],
            [
                0.0,
                0.08593159168958664,
                0.41540008783340454,
                0.32461458444595337,
                0.0,
                0.0404394194483757,
                0.0,
                1.0,
                0.24148966372013092
            ],
            [
                0.0,
                0.04196067899465561,
                0.3766329884529114,
                0.2529069483280182,
                0.0,
                0.043400492519140244,
                0.0,
                0.24148966372013092,
                1.0
            ]
        ],
        "normal_errors": [
            0.05044547840952873,
            0.05449460819363594,
            0.10558438301086426,
            0.12208330631256104,
            0.027107521891593933,
            0.0014059487730264664,
            0.015047937631607056,
            0.04254717379808426,
            0.09142648428678513
        ],
        "faulty_errors": [
            0.05044547840952873,
            0.05448966100811958,
            0.11759491264820099,
            0.11420442909002304,
            0.027107521891593933,
            0.0014059487730264664,
            0.015047937631607056,
            0.04330716282129288,
            0.09678409993648529
        ],
        "drift_ratios": [
            0.9999999801766182,
            0.9999091986236882,
            1.1137528882689782,
            0.9354630997801667,
            0.9999999631098716,
            0.999999288737038,
            0.9999999335457151,
            1.0178622441282008,
            1.0586002473232399
        ],
        "statuses": [
            "OK",
            "OK",
            "WARNING",
            "WARNING",
            "OK",
            "OK",
            "OK",
            "WARNING",
            "WARNING"
        ],
        "injected_nodes": [
            8,
            2,
            3,
            7
        ]
    },
    {
        "house_id": 6,
        "appliance_names": [
            "Dishwasher",
            "Freezer_Utility_Room",
            "Kettle",
            "MJY_Computer",
            "Microwave",
            "PGM_Computer",
            "Television_Site",
            "Toaster",
            "Washing_Machine"
        ],
        "mean_adjacency": [
            [
                1.0,
                0.2666616141796112,
                0.0,
                0.27902650833129883,
                0.03624776378273964,
                0.018659504130482674,
                0.05566960573196411,
                0.0,
                0.4232485592365265
            ],
            [
                0.2666616141796112,
                1.0,
                0.0,
                0.3467871844768524,
                0.006953164469450712,
                0.021197954192757607,
                0.07714293152093887,
                0.0,
                0.32876893877983093
            ],
            [
                0.0,
                0.0,
                1.0,
                0.0,
                0.0,
                0.0,
                0.0,
                0.0,
                0.0
            ],
            [
                0.27902650833129883,
                0.3467871844768524,
                0.0,
                1.0,
                0.02621636353433132,
                0.01604853942990303,
                0.10646720975637436,
                0.0,
                0.3653981387615204
            ],
            [
                0.03624776378273964,
                0.006953164469450712,
                0.0,
                0.02621636353433132,
                1.0,
                0.0044591668993234634,
                0.022358210757374763,
                0.0,
                0.03890954330563545
            ],
            [
                0.018659504130482674,
                0.021197954192757607,
                0.0,
                0.01604853942990303,
                0.0044591668993234634,
                1.0,
                0.024131648242473602,
                0.0,
                0.018725523725152016
            ],
            [
                0.05566960573196411,
                0.07714293152093887,
                0.0,
                0.10646720975637436,
                0.022358210757374763,
                0.024131648242473602,
                1.0,
                0.0,
                0.07454315572977066
            ],
            [
                0.0,
                0.0,
                0.0,
                0.0,
                0.0,
                0.0,
                0.0,
                1.0,
                0.0
            ],
            [
                0.42324861884117126,
                0.32876887917518616,
                0.0,
                0.3653980791568756,
                0.03890954330563545,
                0.018725523725152016,
                0.07454315572977066,
                0.0,
                1.0
            ]
        ],
        "normal_errors": [
            0.07750208675861359,
            0.13431134819984436,
            0.054812587797641754,
            0.07001964747905731,
            0.020957479253411293,
            0.036093391478061676,
            0.10596497356891632,
            0.03320697695016861,
            0.0952078104019165
        ],
        "faulty_errors": [
            0.07903186976909637,
            0.12615461647510529,
            0.054812587797641754,
            0.06992726773023605,
            0.02095510996878147,
            0.03609199821949005,
            0.10594835132360458,
            0.03320697695016861,
            0.10017994791269302
        ],
        "drift_ratios": [
            1.0197385909815413,
            0.9392699665863492,
            0.9999999817560159,
            0.9986806453498708,
            0.9998869003047522,
            0.9999613708084528,
            0.9998431250950669,
            0.9999999698858475,
            1.0522240395778748
        ],
        "statuses": [
            "WARNING",
            "WARNING",
            "OK",
            "OK",
            "OK",
            "OK",
            "OK",
            "OK",
            "WARNING"
        ],
        "injected_nodes": [
            0,
            1,
            8
        ]
    },
    {
        "house_id": 7,
        "appliance_names": [
            "Dishwasher",
            "Freezer",
            "Freezer_Garage",
            "Fridge",
            "Kettle",
            "Television_Site",
            "Toaster",
            "Tumble_Dryer",
            "Washing_Machine"
        ],
        "mean_adjacency": [
            [
                1.0,
                0.07247565686702728,
                0.038691774010658264,
                0.039484791457653046,
                0.0,
                0.036488935351371765,
                0.0,
                0.05898995324969292,
                0.011660711839795113
            ],
            [
                0.07247565686702728,
                1.0,
                0.24079018831253052,
                0.28833237290382385,
                0.0,
                0.12270917743444443,
                0.0,
                0.34038713574409485,
                0.03792170062661171
            ],
            [
                0.038691774010658264,
                0.24079018831253052,
                1.0,
                0.25336694717407227,
                0.0,
                0.10990971326828003,
                0.0,
                0.4224661588668823,
                0.057791855186223984
            ],
            [
                0.039484791457653046,
                0.28833237290382385,
                0.25336694717407227,
                1.0,
                0.0,
                0.14867717027664185,
                0.0,
                0.42181816697120667,
                0.053836822509765625
            ],
            [
                0.0,
                0.0,
                0.0,
                0.0,
                1.0,
                0.0,
                0.0,
                0.0,
                0.0
            ],
            [
                0.036488935351371765,
                0.12270917743444443,
                0.10990971326828003,
                0.14867717027664185,
                0.0,
                1.0,
                0.0,
                0.16288228332996368,
                0.04895159974694252
            ],
            [
                0.0,
                0.0,
                0.0,
                0.0,
                0.0,
                0.0,
                1.0,
                0.0,
                0.0
            ],
            [
                0.05898995324969292,
                0.34038713574409485,
                0.4224661886692047,
                0.42181816697120667,
                0.0,
                0.16288229823112488,
                0.0,
                1.0,
                0.048786502331495285
            ],
            [
                0.011660711839795113,
                0.03792170062661171,
                0.057791851460933685,
                0.053836822509765625,
                0.0,
                0.04895159602165222,
                0.0,
                0.048786502331495285,
                1.0
            ]
        ],
        "normal_errors": [
            0.09718231856822968,
            0.06020417809486389,
            0.03669281676411629,
            0.10149560868740082,
            0.017162464559078217,
            0.1266515702009201,
            0.033428676426410675,
            0.07268283516168594,
            0.059907037764787674
        ],
        "faulty_errors": [
            0.10475777089595795,
            0.05359894782304764,
            0.03179874271154404,
            0.10120727121829987,
            0.017162464559078217,
            0.12665818631649017,
            0.033428676426410675,
            0.08025907725095749,
            0.06446017324924469
        ],
        "drift_ratios": [
            1.0779509211282996,
            0.8902861666561657,
            0.8666203537696577,
            0.9971591040244104,
            0.9999999417333135,
            1.0000522308211999,
            0.999999970085565,
            1.1042370040764218,
            1.0760033307994732
        ],
        "statuses": [
            "WARNING",
            "WARNING",
            "WARNING",
            "WARNING",
            "OK",
            "OK",
            "OK",
            "WARNING",
            "WARNING"
        ],
        "injected_nodes": [
            0,
            1,
            2,
            3,
            7,
            8
        ]
    },
    {
        "house_id": 8,
        "appliance_names": [
            "Computer",
            "Dryer",
            "Freezer",
            "Fridge",
            "Kettle",
            "Microwave",
            "Television_Site",
            "Toaster",
            "Washing_Machine"
        ],
        "mean_adjacency": [
            [
                1.0,
                0.04446273669600487,
                0.06395299732685089,
                0.051799263805150986,
                0.0,
                0.0,
                0.043093256652355194,
                0.03218156471848488,
                0.04559283331036568
            ],
            [
                0.04446273669600487,
                1.0,
                0.31114235520362854,
                0.25524798035621643,
                0.0,
                0.0,
                0.12252067774534225,
                0.06568659842014313,
                0.20736326277256012
            ],
            [
                0.06395299732685089,
                0.31114235520362854,
                1.0,
                0.3498067855834961,
                0.0,
                0.0,
                0.13362456858158112,
                0.0575321801006794,
                0.4869854748249054
            ],
            [
                0.051799263805150986,
                0.25524798035621643,
                0.3498067855834961,
                1.0,
                0.0,
                0.0,
                0.14707478880882263,
                0.0789080485701561,
                0.35032862424850464
            ],
            [
                0.0,
                0.0,
                0.0,
                0.0,
                1.0,
                0.0,
                0.0,
                0.0,
                0.0
            ],
            [
                0.0,
                0.0,
                0.0,
                0.0,
                0.0,
                1.0,
                0.0,
                0.0,
                0.0
            ],
            [
                0.043093256652355194,
                0.12252067774534225,
                0.13362456858158112,
                0.14707478880882263,
                0.0,
                0.0,
                1.0,
                0.046195659786462784,
                0.1331980675458908
            ],
            [
                0.03218156471848488,
                0.06568659096956253,
                0.0575321763753891,
                0.0789080411195755,
                0.0,
                0.0,
                0.046195659786462784,
                1.0,
                0.0764932930469513
            ],
            [
                0.045592840760946274,
                0.2073632776737213,
                0.4869854748249054,
                0.3503286838531494,
                0.0,
                0.0,
                0.1331980675458908,
                0.0764932930469513,
                1.0
            ]
        ],
        "normal_errors": [
            0.04871010780334473,
            0.010002567432820797,
            0.059715669602155685,
            0.1203732118010521,
            0.01319015584886074,
            0.036609772592782974,
            0.1159435287117958,
            0.048332542181015015,
            0.10054059326648712
        ],
        "faulty_errors": [
            0.04871237277984619,
            0.010002567432820797,
            0.05150971561670303,
            0.11072226613759995,
            0.01319015584886074,
            0.036609772592782974,
            0.11593631654977798,
            0.04832932725548744,
            0.11251461505889893
        ],
        "drift_ratios": [
            1.0000464785761536,
            0.9999999000256777,
            0.8625828881647621,
            0.9198247979024798,
            0.9999999241858902,
            0.9999999726848898,
            0.999937787282863,
            0.9999334625220211,
            1.1190963797237379
        ],
        "statuses": [
            "OK",
            "WARNING",
            "WARNING",
            "WARNING",
            "OK",
            "OK",
            "OK",
            "OK",
            "WARNING"
        ],
        "injected_nodes": [
            8,
            1,
            2,
            3
        ]
    },
    {
        "house_id": 9,
        "appliance_names": [
            "Dishwasher",
            "Electric_Heater",
            "Fridge_Freezer",
            "Hi_Fi",
            "Kettle",
            "Microwave",
            "Television_Site",
            "Washer_Dryer",
            "Washing_Machine"
        ],
        "mean_adjacency": [
            [
                1.0,
                0.0,
                0.3919871151447296,
                0.12121956050395966,
                0.0,
                0.039607156068086624,
                0.06913215667009354,
                0.25393661856651306,
                0.20184415578842163
            ],
            [
                0.0,
                1.0,
                0.0,
                0.0,
                0.0,
                0.0,
                0.0,
                0.0,
                0.0
            ],
            [
                0.3919871151447296,
                0.0,
                1.0,
                0.1069508045911789,
                0.0,
                0.0521467886865139,
                0.06226435676217079,
                0.24780996143817902,
                0.2417563498020172
            ],
            [
                0.12121956050395966,
                0.0,
                0.1069508045911789,
                1.0,
                0.0,
                0.032929886132478714,
                0.020798170939087868,
                0.07893498241901398,
                0.06488120555877686
            ],
            [
                0.0,
                0.0,
                0.0,
                0.0,
                1.0,
                0.0,
                0.0,
                0.0,
                0.0
            ],
            [
                0.039607156068086624,
                0.0,
                0.0521467886865139,
                0.032929886132478714,
                0.0,
                1.0,
                0.018808012828230858,
                0.024589283391833305,
                0.01146744005382061
            ],
            [
                0.06913215667009354,
                0.0,
                0.06226435676217079,
                0.020798170939087868,
                0.0,
                0.018808012828230858,
                1.0,
                0.05211564898490906,
                0.05110999569296837
            ],
            [
                0.25393661856651306,
                0.0,
                0.24780994653701782,
                0.07893498241901398,
                0.0,
                0.024589283391833305,
                0.05211564898490906,
                1.0,
                0.22427669167518616
            ],
            [
                0.20184414088726044,
                0.0,
                0.24175631999969482,
                0.06488120555877686,
                0.0,
                0.01146744005382061,
                0.05110999569296837,
                0.22427669167518616,
                1.0
            ]
        ],
        "normal_errors": [
            0.08265828341245651,
            0.018986882641911507,
            0.11674082279205322,
            0.09094440937042236,
            0.04898342490196228,
            0.01371696311980486,
            0.07418650388717651,
            0.05737050250172615,
            0.017786351963877678
        ],
        "faulty_errors": [
            0.0890846699476242,
            0.018986882641911507,
            0.10468272119760513,
            0.09094592183828354,
            0.04898342490196228,
            0.013717478141188622,
            0.07417799532413483,
            0.06003168970346451,
            0.01945183426141739
        ],
        "drift_ratios": [
            1.0777464180492868,
            0.9999999473320625,
            0.8967104890751258,
            1.0000166196894897,
            0.9999999795849314,
            1.0000374734073278,
            0.9998852950000189,
            1.0463859655974308,
            1.0936381562269757
        ],
        "statuses": [
            "WARNING",
            "OK",
            "WARNING",
            "OK",
            "OK",
            "OK",
            "OK",
            "WARNING",
            "WARNING"
        ],
        "injected_nodes": [
            0,
            8,
            2,
            7
        ]
    },
    {
        "house_id": 10,
        "appliance_names": [
            "Chest_Freezer_In_Garage",
            "Dishwasher",
            "Freezer",
            "Fridge_Freezer",
            "Kenwood_KMix",
            "Magimix_Blender",
            "Microwave",
            "Television_Site",
            "Washing_Machine"
        ],
        "mean_adjacency": [
            [
                1.0,
                0.03327121213078499,
                0.2514955699443817,
                0.2788887917995453,
                0.012059075757861137,
                0.18967373669147491,
                0.0,
                0.09639684110879898,
                0.07589864730834961
            ],
            [
                0.03327121213078499,
                1.0,
                0.03314653038978577,
                0.043375466018915176,
                0.0023443596437573433,
                0.045599594712257385,
                0.0,
                0.023401470854878426,
                0.007493189070373774
            ],
            [
