[
    {
        "house_id": 1,
        "appliance_names": [
            "Chest_Freezer",
            "Computer_Site",
            "Dishwasher",
            "Electric_Heater",
            "Fridge",
            "Television_Site",
            "Tumble_Dryer",
            "Upright_Freezer",
            "Washing_Machine"
        ],
        "mean_adjacency": [
            [
                1.0,
                0.09904658049345016,
                0.0488746240735054,
                0.0,
                0.2719120383262634,
                0.0778610110282898,
                0.37137314677238464,
                0.15549203753471375,
                0.06732749193906784
            ],
            [
                0.09904658049345016,
                1.0,
                0.03195289522409439,
                0.0,
                0.1505390703678131,
                0.0831734910607338,
                0.12133949249982834,
                0.10914770513772964,
                0.04693446680903435
            ],
            [
                0.0488746240735054,
                0.03195289522409439,
                1.0,
                0.0,
                0.06030568107962608,
                0.03890390694141388,
                0.04745260253548622,
                0.021763594821095467,
                0.025744223967194557
            ],
            [
                0.0,
                0.0,
                0.0,
                1.0,
                0.0,
                0.0,
                0.0,
                0.0,
                0.0
            ],
            [
                0.2719120383262634,
                0.1505390703678131,
                0.06030568107962608,
                0.0,
                1.0,
                0.11485231667757034,
                0.3302081823348999,
                0.3199938237667084,
                0.06904836744070053
            ],
            [
                0.0778610110282898,
                0.0831734910607338,
                0.03890390694141388,
                0.0,
                0.11485231667757034,
                1.0,
                0.10119117051362991,
                0.08567198365926743,
                0.04256797581911087
            ],
            [
                0.37137314677238464,
                0.12133949249982834,
                0.04745260253548622,
                0.0,
                0.3302081823348999,
                0.10119117051362991,
                1.0,
                0.2211022675037384,
                0.061872921884059906
            ],
            [
                0.15549203753471375,
                0.10914770513772964,
                0.021763594821095467,
                0.0,
                0.31999388337135315,
                0.08567199110984802,
                0.22110223770141602,
                1.0,
                0.029209284111857414
            ],
            [
                0.06732749193906784,
                0.046934470534324646,
                0.025744223967194557,
                0.0,
                0.06904836744070053,
                0.04256797581911087,
                0.061872925609350204,
                0.029209284111857414,
                1.0
            ]
        ],
        "normal_errors": [
            0.04766876995563507,
            0.12491758912801743,
            0.023995550349354744,
            0.01486659049987793,
            0.14589211344718933,
            0.10183992236852646,
            0.07072703540325165,
            0.10389907658100128,
            0.027281422168016434
        ],
        "faulty_errors": [
            0.046382345259189606,
            0.12491603940725327,
            0.025815319269895554,
            0.01486659049987793,
            0.13631567358970642,
            0.10184619575738907,
            0.08325903117656708,
            0.09429457783699036,
            0.029442984610795975
        ],
        "drift_ratios": [
            0.9730132396817461,
            0.9999875860496302,
            1.0758377206694083,
            0.9999999327350859,
            0.9343594347523873,
            1.0000615906675412,
            1.1771881788155807,
            0.9075593357744383,
            1.0792319898220581
        ],
        "statuses": [
            "WARNING",
            "OK",
            "WARNING",
            "OK",
            "WARNING",
            "OK",
            "ALERT (FAULT)",
            "WARNING",
            "WARNING"
        ],
        "injected_nodes": [
            0,
            2,
            4,
            6,
            7,
            8
        ]
    },
    {
        "house_id": 2,
        "appliance_names": [
            "Dishwasher",
            "Fridge_Freezer",
            "Hi_Fi",
            "Kettle",
            "Microwave",
            "Oven_Extractor_Fan",
            "Television",
            "Toaster",
            "Washing_Machine"
        ],
        "mean_adjacency": [
            [
                1.0,
                0.2113647311925888,
                0.07907790690660477,
                0.0,
                0.04937928169965744,
                0.010629305616021156,
                0.3407268226146698,
                0.003002212382853031,
                0.1970026195049286
            ],
            [
                0.2113647311925888,
                1.0,
                0.13455700874328613,
                0.0,
                0.10590124130249023,
                0.01565576158463955,
                0.39727723598480225,
                0.020318670198321342,
                0.3731934428215027
            ],
            [
                0.07907790690660477,
                0.13455700874328613,
                1.0,
                0.0,
                0.04771672934293747,
                0.022149337455630302,
                0.15937063097953796,
                0.03373689204454422,
                0.13090340793132782
            ],
            [
                0.0,
                0.0,
                0.0,
                1.0,
                0.0,
                0.0,
                0.0,
                0.0,
                0.0
            ],
            [
                0.04937928169965744,
                0.10590124130249023,
                0.04771672934293747,
                0.0,
                1.0,
                0.006211769767105579,
                0.07781847566366196,
                0.03705402836203575,
                0.06957430392503738
            ],
            [
                0.010629305616021156,
                0.01565576158463955,
                0.022149337455630302,
                0.0,
                0.006211769767105579,
                1.0,
                0.013680611737072468,
                0.02321937307715416,
                0.012598084285855293
            ],
            [
                0.3407268226146698,
                0.39727723598480225,
                0.15937063097953796,
                0.0,
                0.07781847566366196,
                0.013680611737072468,
                1.0,
                0.039450839161872864,
                0.4961155354976654
            ],
            [
                0.003002212382853031,
                0.020318668335676193,
                0.03373689576983452,
                0.0,
                0.03705402836203575,
                0.02321937307715416,
                0.039450839161872864,
                1.0,
                0.02755376510322094
            ],
            [
                0.1970026195049286,
                0.3731934726238251,
                0.130903422832489,
                0.0,
                0.06957429647445679,
                0.012598082423210144,
                0.4961155354976654,
                0.02755376510322094,
                1.0
            ]
        ],
        "normal_errors": [
            0.04272463917732239,
            0.10692863166332245,
            0.10487911850214005,
            0.03204820677638054,
            0.046709947288036346,
            0.027789542451500893,
            0.08196202665567398,
            0.02671954408288002,
            0.10028517246246338
        ],
        "faulty_errors": [
            0.04141354188323021,
            0.10333038866519928,
            0.1048683151602745,
            0.03204820677638054,
            0.04670468717813492,
            0.027789026498794556,
            0.08185721933841705,
            0.026718745008111,
            0.10324779897928238
        ],
        "drift_ratios": [
            0.9693128300519173,
            0.9663491067967486,
            0.9998969829083537,
            0.9999999687970071,
            0.999887366394221,
            0.9999813975818912,
            0.9987212576328977,
            0.9999700565722007,
            1.0295420091976797
        ],
        "statuses": [
            "WARNING",
            "WARNING",
            "OK",
            "OK",
            "OK",
            "OK",
            "OK",
            "OK",
            "WARNING"
        ],
        "injected_nodes": [
            0,
            1,
            8
        ]
    },
    {
        "house_id": 3,
        "appliance_names": [
            "Dishwasher",
            "Freezer",
            "Fridge_Freezer",
            "Kettle",
            "Microwave",
            "Television",
            "Toaster",
            "Tumble_Dryer",
            "Washing_Machine"
        ],
        "mean_adjacency": [
            [
                1.0,
                0.058631718158721924,
                0.056552328169345856,
                0.0,
                0.0,
                0.043795015662908554,
                0.11250460147857666,
                0.03936884552240372,
                0.06203566491603851
            ],
            [
                0.058631718158721924,
                1.0,
                0.18103452026844025,
                0.0,
                0.0,
                0.11082959920167923,
                0.29339393973350525,
                0.3544454276561737,
                0.05386372655630112
            ],
            [
                0.056552328169345856,
                0.18103452026844025,
                1.0,
                0.0,
                0.0,
                0.11643154919147491,
                0.3109655976295471,
                0.30816569924354553,
                0.04523804783821106
            ],
            [
                0.0,
                0.0,
                0.0,
                1.0,
                0.0,
                0.0,
                0.0,
                0.0,
                0.0
            ],
            [
                0.0,
                0.0,
                0.0,
                0.0,
                1.0,
                0.0,
                0.0,
                0.0,
                0.0
            ],
            [
                0.043795015662908554,
                0.11082959920167923,
                0.11643154919147491,
                0.0,
                0.0,
                1.0,
                0.1514989584684372,
                0.1368560642004013,
                0.041664447635412216
            ],
            [
                0.11250460147857666,
                0.29339393973350525,
                0.3109655976295471,
                0.0,
                0.0,
                0.1514989584684372,
                1.0,
                0.4079712927341461,
                0.06589093804359436
            ],
            [
                0.03936884552240372,
                0.3544454276561737,
                0.30816566944122314,
                0.0,
                0.0,
                0.1368560791015625,
                0.40797126293182373,
                1.0,
                0.06842610239982605
            ],
            [
                0.06203566864132881,
                0.053863730281591415,
                0.04523804783821106,
                0.0,
                0.0,
                0.04166444391012192,
                0.06589095294475555,
                0.06842610239982605,
                1.0
            ]
        ],
        "normal_errors": [
            0.04867797717452049,
            0.10638932883739471,
            0.03012671507894993,
            0.014619688503444195,
            0.027120348066091537,
            0.120918408036232,
            0.12447690963745117,
            0.06890963017940521,
            0.026935990899801254
        ],
        "faulty_errors": [
            0.05213175341486931,
            0.0909949466586113,
            0.02903798222541809,
            0.014619688503444195,
            0.027120348066091537,
            0.12092490494251251,
            0.12458163499832153,
            0.07842515408992767,
            0.02895588055253029
        ],
        "drift_ratios": [
            1.070951493259772,
            0.8553014366918923,
            0.9638615157829116,
            0.9999999315990945,
            0.9999999631273183,
            1.0000537214005072,
            1.000841315552692,
            1.1380869806972111,
            1.074988463771551
        ],
        "statuses": [
            "WARNING",
            "WARNING",
            "WARNING",
            "OK",
            "OK",
            "OK",
            "OK",
            "WARNING",
            "WARNING"
        ],
        "injected_nodes": [
            0,
            1,
            2,
            7,
            8
        ]
    },
    {
        "house_id": 4,
        "appliance_names": [
            "Computer_Site",
            "Freezer",
            "Fridge",
            "Fridge_Freezer",
            "Kettle",
            "Microwave",
            "Television_Site",
            "Washing_Machine_1",
            "Washing_Machine_2"
        ],
        "mean_adjacency": [
            [
                1.0,
                0.02224220521748066,
                0.062388498336076736,
                0.045999448746442795,
                0.0,
                0.0,
                0.034600142389535904,
                0.03767106682062149,
                0.03051052801311016
            ],
            [
                0.02224220521748066,
                1.0,
                0.2912595868110657,
                0.30313366651535034,
                0.0,
                0.0,
                0.09606605023145676,
                0.2908923923969269,
                0.04306633770465851
            ],
            [
                0.062388498336076736,
                0.2912595868110657,
                1.0,
                0.2712387144565582,
                0.0,
                0.0,
                0.13915328681468964,
                0.39017343521118164,
                0.11797065287828445
            ],
            [
                0.045999448746442795,
                0.30313366651535034,
                0.2712387144565582,
                1.0,
                0.0,
                0.0,
                0.10388615727424622,
                0.31126299500465393,
                0.04385383427143097
            ],
            [
                0.0,
                0.0,
                0.0,
                0.0,
                1.0,
                0.0,
                0.0,
                0.0,
                0.0
            ],
            [
                0.0,
                0.0,
                0.0,
                0.0,
                0.0,
                1.0,
                0.0,
                0.0,
                0.0
            ],
            [
                0.034600142389535904,
                0.09606605023145676,
                0.13915328681468964,
                0.10388615727424622,
                0.0,
                0.0,
                1.0,
                0.14766989648342133,
                0.04599585756659508
            ],
            [
                0.03767106682062149,
                0.2908923923969269,
                0.39017346501350403,
                0.31126299500465393,
                0.0,
                0.0,
                0.14766988158226013,
                1.0,
                0.09314155578613281
            ],
            [
                0.030510524287819862,
                0.04306633397936821,
                0.11797064542770386,
                0.04385383427143097,
                0.0,
                0.0,
                0.04599585011601448,
                0.09314155578613281,
                1.0
            ]
        ],
        "normal_errors": [
            0.011541996151208878,
            0.09263655543327332,
            0.12906570732593536,
            0.07395697385072708,
            0.018685130402445793,
            0.03520345687866211,
            0.11109721660614014,
            0.09301033616065979,
            0.014698825776576996
        ],
        "faulty_errors": [
            0.011541775427758694,
            0.0819893628358841,
            0.1296948492527008,
            0.06591223180294037,
            0.018685130402445793,
            0.03520345687866211,
            0.11110063642263412,
            0.10234663635492325,
            0.015549080446362495
        ],
        "drift_ratios": [
            0.9999807898540193,
            0.8850648814320029,
            1.0048745784990127,
            0.8912240114739141,
            0.999999946481511,
            0.9999999715936996,
            1.000030773196374,
            1.1003791565461865,
            1.0578450023739585
        ],
        "statuses": [
            "OK",
            "WARNING",
            "WARNING",
            "WARNING",
            "OK",
            "OK",
            "OK",
            "WARNING",
            "WARNING"
        ],
        "injected_nodes": [
            1,
            2,
            3,
            7,
            8
        ]
    },
    {
        "house_id": 5,
        "appliance_names": [
            "Combination_Microwave",
            "Computer_Site",
            "Dishwasher",
            "Fridge_Freezer",
            "Kettle",
            "Television_Site",
            "Toaster",
            "Tumble_Dryer",
            "Washing_Machine"
        ],
        "mean_adjacency": [
            [
                1.0,
                0.0,
                0.0,
                0.0,
                0.0,
                0.0,
                0.0,
                0.0,
                0.0
            ],
            [
                0.0,
                1.0,
                0.09582430869340897,
                0.10106134414672852,
                0.0,
                0.02097231335937977,
                0.0,
                0.08593159168958664,
                0.04196067899465561
            ],
            [
                0.0,
                0.09582430869340897,
                1.0,
                0.44537922739982605,
                0.0,
                0.04326141998171806,
                0.0,
                0.41540005803108215,
                0.3766329884529114
            ],
            [
                0.0,
                0.10106134414672852,
                0.44537922739982605,
                1.0,
                0.0,
                0.031099528074264526,
                0.0,
                0.32461458444595337,
                0.2529069483280182
            ],
            [
                0.0,
                0.0,
                0.0,
                0.0,
                1.0,
                0.0,
                0.0,
                0.0,
                0.0
            ],
            [
                0.0,
                0.02097231335937977,
                0.04326141998171806,
                0.031099528074264526,
                0.0,
                1.0,
                0.0,
                0.040439423173666,
                0.04340049624443054
            ],
            [
                0.0,
                0.0,
                0.0,
                0.0,
                0.0,
                0.0,
                1.0,
                0.0,
                0.0
            ],
            [
                0.0,
                0.08593159168958664,
                0.41540008783340454,
                0.32461458444595337,
                0.0,
                0.0404394194483757,
                0.0,
                1.0,
                0.24148966372013092
            ],
            [
                0.0,
                0.04196067899465561,
                0.3766329884529114,
                0.2529069483280182,
                0.0,
                0.043400492519140244,
                0.0,
                0.24148966372013092,
                1.0
            ]
        ],
        "normal_errors": [
            0.050660740584135056,
            0.055969346314668655,
            0.10800709575414658,
            0.13310405611991882,
            0.026878034695982933,
            0.0011493954807519913,
            0.014831106178462505,
            0.04419199377298355,
            0.09008769690990448
        ],
        "faulty_errors": [
            0.050660740584135056,
            0.05597112700343132,
            0.11993696540594101,
            0.12633085250854492,
            0.026878034695982933,
            0.0011493954807519913,
            0.014831106178462505,
            0.04483118653297424,
            0.09475576132535934
        ],
        "drift_ratios": [
            0.9999999802608496,
            1.0000317975614876,
            1.1104544887355878,
            0.9491134623697334,
            0.9999999627949002,
            0.9999991299781958,
            0.9999999325741505,
            1.0144639716598958,
            1.0518168798155252
        ],
        "statuses": [
            "OK",
            "OK",
            "WARNING",
            "WARNING",
            "OK",
            "OK",
            "OK",
            "WARNING",
            "WARNING"
        ],
        "injected_nodes": [
            8,
            2,
            3,
            7
        ]
    },
    {
        "house_id": 6,
        "appliance_names": [
            "Dishwasher",
            "Freezer_Utility_Room",
            "Kettle",
            "MJY_Computer",
            "Microwave",
            "PGM_Computer",
            "Television_Site",
            "Toaster",
            "Washing_Machine"
        ],
        "mean_adjacency": [
            [
                1.0,
                0.2666616141796112,
                0.0,
                0.27902650833129883,
                0.03624776378273964,
                0.018659504130482674,
                0.05566960573196411,
                0.0,
                0.4232485592365265
            ],
            [
                0.2666616141796112,
                1.0,
                0.0,
                0.3467871844768524,
                0.006953164469450712,
                0.021197954192757607,
                0.07714293152093887,
                0.0,
                0.32876893877983093
            ],
            [
                0.0,
                0.0,
                1.0,
                0.0,
                0.0,
                0.0,
                0.0,
                0.0,
                0.0
            ],
            [
                0.27902650833129883,
                0.3467871844768524,
                0.0,
                1.0,
                0.02621636353433132,
                0.01604853942990303,
                0.10646720975637436,
                0.0,
                0.3653981387615204
            ],
            [
                0.03624776378273964,
                0.006953164469450712,
                0.0,
                0.02621636353433132,
                1.0,
                0.0044591668993234634,
                0.022358210757374763,
                0.0,
                0.03890954330563545
            ],
            [
                0.018659504130482674,
                0.021197954192757607,
                0.0,
                0.01604853942990303,
                0.0044591668993234634,
                1.0,
                0.024131648242473602,
                0.0,
                0.018725523725152016
            ],
            [
                0.05566960573196411,
                0.07714293152093887,
                0.0,
                0.10646720975637436,
                0.022358210757374763,
                0.024131648242473602,
                1.0,
                0.0,
                0.07454315572977066
            ],
            [
                0.0,
                0.0,
                0.0,
                0.0,
                0.0,
                0.0,
                0.0,
                1.0,
                0.0
            ],
            [
                0.42324861884117126,
                0.32876887917518616,
                0.0,
                0.3653980791568756,
                0.03890954330563545,
                0.018725523725152016,
                0.07454315572977066,
                0.0,
                1.0
            ]
        ],
        "normal_errors": [
            0.07328352332115173,
            0.15131592750549316,
            0.05496983975172043,
            0.06617315858602524,
            0.020310044288635254,
            0.03627471625804901,
            0.10371442884206772,
            0.0334257036447525,
            0.08483292162418365
        ],
        "faulty_errors": [
            0.0745106115937233,
            0.14078299701213837,
            0.05496983975172043,
            0.06612435728311539,
            0.02030711993575096,
            0.03627431392669678,
            0.1037159338593483,
            0.0334257036447525,
            0.09042083472013474
        ],
        "drift_ratios": [
            1.016744381277217,
            0.9303911253931708,
            0.9999999818082064,
            0.9992625060792751,
            0.9998559652210166,
            0.9999888811992836,
            1.0000145015238755,
            0.9999999700829044,
            1.0658696166900432
        ],
        "statuses": [
            "WARNING",
            "WARNING",
            "OK",
            "OK",
            "OK",
            "OK",
            "OK",
            "OK",
            "WARNING"
        ],
        "injected_nodes": [
            0,
            1,
            8
        ]
    },
    {
        "house_id": 7,
        "appliance_names": [
            "Dishwasher",
            "Freezer",
            "Freezer_Garage",
            "Fridge",
            "Kettle",
            "Television_Site",
            "Toaster",
            "Tumble_Dryer",
            "Washing_Machine"
        ],
        "mean_adjacency": [
            [
                1.0,
                0.07247565686702728,
                0.038691774010658264,
                0.039484791457653046,
                0.0,
                0.036488935351371765,
                0.0,
                0.05898995324969292,
                0.011660711839795113
            ],
            [
                0.07247565686702728,
                1.0,
                0.24079018831253052,
                0.28833237290382385,
                0.0,
                0.12270917743444443,
                0.0,
                0.34038713574409485,
                0.03792170062661171
            ],
            [
                0.038691774010658264,
                0.24079018831253052,
                1.0,
                0.25336694717407227,
                0.0,
                0.10990971326828003,
                0.0,
                0.4224661588668823,
                0.057791855186223984
            ],
            [
                0.039484791457653046,
                0.28833237290382385,
                0.25336694717407227,
                1.0,
                0.0,
                0.14867717027664185,
                0.0,
                0.42181816697120667,
                0.053836822509765625
            ],
            [
                0.0,
                0.0,
                0.0,
                0.0,
                1.0,
                0.0,
                0.0,
                0.0,
                0.0
            ],
            [
                0.036488935351371765,
                0.12270917743444443,
                0.10990971326828003,
                0.14867717027664185,
                0.0,
                1.0,
                0.0,
                0.16288228332996368,
                0.04895159974694252
            ],
            [
                0.0,
                0.0,
                0.0,
                0.0,
                0.0,
                0.0,
                1.0,
                0.0,
                0.0
            ],
            [
                0.05898995324969292,
                0.34038713574409485,
                0.4224661886692047,
                0.42181816697120667,
                0.0,
                0.16288229823112488,
                0.0,
                1.0,
                0.048786502331495285
            ],
            [
                0.011660711839795113,
                0.03792170062661171,
                0.057791851460933685,
                0.053836822509765625,
                0.0,
                0.04895159602165222,
                0.0,
                0.048786502331495285,
                1.0
            ]
        ],
        "normal_errors": [
            0.09971080720424652,
            0.060537658631801605,
            0.03544309735298157,
            0.09549273550510406,
            0.01707284338772297,
            0.12766167521476746,
            0.033075157552957535,
            0.0696762353181839,
            0.06094750016927719
        ],
        "faulty_errors": [
            0.10727614164352417,
            0.054016757756471634,
            0.03081762231886387,
            0.09451606124639511,
            0.01707284338772297,
            0.12764130532741547,
            0.033075157552957535,
            0.07817810773849487,
            0.0655161589384079
        ],
        "drift_ratios": [
            1.0758727521672566,
            0.8922835485383644,
            0.8694957199268503,
            0.989772256043194,
            0.9999999414274519,
            0.9998404306761748,
            0.999999969765829,
            1.122019670831333,
            1.0749605427865139
        ],
        "statuses": [
            "WARNING",
            "WARNING",
            "WARNING",
            "WARNING",
            "OK",
            "OK",
            "OK",
            "WARNING",
            "WARNING"
        ],
        "injected_nodes": [
            0,
            1,
            2,
            3,
            7,
            8
        ]
    },
    {
        "house_id": 8,
        "appliance_names": [
            "Computer",
            "Dryer",
            "Freezer",
            "Fridge",
            "Kettle",
            "Microwave",
            "Television_Site",
            "Toaster",
            "Washing_Machine"
        ],
        "mean_adjacency": [
            [
                1.0,
                0.04446273669600487,
                0.06395299732685089,
                0.051799263805150986,
                0.0,
                0.0,
                0.043093256652355194,
                0.03218156471848488,
                0.04559283331036568
            ],
            [
                0.04446273669600487,
                1.0,
                0.31114235520362854,
                0.25524798035621643,
                0.0,
                0.0,
                0.12252067774534225,
                0.06568659842014313,
                0.20736326277256012
            ],
            [
                0.06395299732685089,
                0.31114235520362854,
                1.0,
                0.3498067855834961,
                0.0,
                0.0,
                0.13362456858158112,
                0.0575321801006794,
                0.4869854748249054
            ],
            [
                0.051799263805150986,
                0.25524798035621643,
                0.3498067855834961,
                1.0,
                0.0,
                0.0,
                0.14707478880882263,
                0.0789080485701561,
                0.35032862424850464
            ],
            [
                0.0,
                0.0,
                0.0,
                0.0,
                1.0,
                0.0,
                0.0,
                0.0,
                0.0
            ],
            [
                0.0,
                0.0,
                0.0,
                0.0,
                0.0,
                1.0,
                0.0,
                0.0,
                0.0
            ],
            [
                0.043093256652355194,
                0.12252067774534225,
                0.13362456858158112,
                0.14707478880882263,
                0.0,
                0.0,
                1.0,
                0.046195659786462784,
                0.1331980675458908
            ],
            [
                0.03218156471848488,
                0.06568659096956253,
                0.0575321763753891,
                0.0789080411195755,
                0.0,
                0.0,
                0.046195659786462784,
                1.0,
                0.0764932930469513
            ],
            [
                0.045592840760946274,
                0.2073632776737213,
                0.4869854748249054,
                0.3503286838531494,
                0.0,
                0.0,
                0.1331980675458908,
                0.0764932930469513,
                1.0
            ]
        ],
        "normal_errors": [
            0.04622703045606613,
            0.006826221011579037,
            0.04959201440215111,
            0.09755401313304901,
            0.01343018002808094,
            0.03628968447446823,
            0.1150420680642128,
            0.04515741392970085,
            0.09048223495483398
        ],
        "faulty_errors": [
            0.04622439295053482,
            0.006826221011579037,
            0.04027524217963219,
            0.08901903033256531,
            0.01343018002808094,
            0.03628968447446823,
            0.11504288762807846,
            0.045162834227085114,
            0.10311923176050186
        ],
        "drift_ratios": [
            0.999942922886281,
            0.9999998535060831,
            0.8121315871725029,
            0.9125101731965302,
            0.9999999255408399,
            0.9999999724439607,
            1.0000071153437375,
            1.0001200090260414,
            1.139662726858075
        ],
        "statuses": [
            "OK",
            "WARNING",
            "WARNING",
            "WARNING",
            "OK",
            "OK",
            "OK",
            "OK",
            "WARNING"
        ],
        "injected_nodes": [
            8,
            1,
            2,
            3
        ]
    },
    {
        "house_id": 9,
        "appliance_names": [
            "Dishwasher",
            "Electric_Heater",
            "Fridge_Freezer",
            "Hi_Fi",
            "Kettle",
            "Microwave",
            "Television_Site",
            "Washer_Dryer",
            "Washing_Machine"
        ],
        "mean_adjacency": [
            [
                1.0,
                0.0,
                0.3919871151447296,
                0.12121956050395966,
                0.0,
                0.039607156068086624,
                0.06913215667009354,
                0.25393661856651306,
                0.20184415578842163
            ],
            [
                0.0,
                1.0,
                0.0,
                0.0,
                0.0,
                0.0,
                0.0,
                0.0,
                0.0
            ],
            [
                0.3919871151447296,
                0.0,
                1.0,
                0.1069508045911789,
                0.0,
                0.0521467886865139,
                0.06226435676217079,
                0.24780996143817902,
                0.2417563498020172
            ],
            [
                0.12121956050395966,
                0.0,
                0.1069508045911789,
                1.0,
                0.0,
                0.032929886132478714,
                0.020798170939087868,
                0.07893498241901398,
                0.06488120555877686
            ],
            [
                0.0,
                0.0,
                0.0,
                0.0,
                1.0,
                0.0,
                0.0,
                0.0,
                0.0
            ],
            [
                0.039607156068086624,
                0.0,
                0.0521467886865139,
                0.032929886132478714,
                0.0,
                1.0,
                0.018808012828230858,
                0.024589283391833305,
                0.01146744005382061
            ],
            [
                0.06913215667009354,
                0.0,
                0.06226435676217079,
                0.020798170939087868,
                0.0,
                0.018808012828230858,
                1.0,
                0.05211564898490906,
                0.05110999569296837
            ],
            [
                0.25393661856651306,
                0.0,
                0.24780994653701782,
                0.07893498241901398,
                0.0,
                0.024589283391833305,
                0.05211564898490906,
                1.0,
                0.22427669167518616
            ],
            [
                0.20184414088726044,
                0.0,
                0.24175631999969482,
                0.06488120555877686,
                0.0,
                0.01146744005382061,
                0.05110999569296837,
                0.22427669167518616,
                1.0
            ]
        ],
        "normal_errors": [
            0.10288886725902557,
            0.018656929954886436,
            0.14863814413547516,
            0.09172559529542923,
            0.048815835267305374,
            0.014062128961086273,
            0.07649830728769302,
            0.07300916314125061,
            0.02582339383661747
        ],
        "faulty_errors": [
            0.11098220199346542,
            0.018656929954886436,
            0.1420641988515854,
            0.09171655774116516,
            0.048815835267305374,
            0.014063948765397072,
            0.07647811621427536,
            0.07666930556297302,
            0.027843734249472618
        ],
        "drift_ratios": [
            1.0786609267978793,
            0.9999999464006164,
            0.9557721453137215,
            0.9999014609375233,
            0.9999999795148444,
            1.0001293405988874,
            0.9997360454908136,
            1.0501326301262832,
            1.078236785892702
        ],
        "statuses": [
            "WARNING",
            "OK",
            "WARNING",
            "OK",
            "OK",
            "OK",
            "OK",
            "WARNING",
            "WARNING"
        ],
        "injected_nodes": [
            0,
            8,
            2,
            7
        ]
    },
    {
        "house_id": 10,
        "appliance_names": [
            "Chest_Freezer_In_Garage",
            "Dishwasher",
            "Freezer",
            "Fridge_Freezer",
            "Kenwood_KMix",
            "Magimix_Blender",
            "Microwave",
            "Television_Site",
            "Washing_Machine"
        ],
        "mean_adjacency": [
            [
                1.0,
                0.03327121213078499,
                0.2514955699443817,
                0.2788887917995453,
                0.012059075757861137,
                0.18967373669147491,
                0.0,
                0.09639684110879898,
                0.07589864730834961
            ],
            [
                0.03327121213078499,
                1.0,
                0.03314653038978577,
                0.043375466018915176,
                0.0023443596437573433,
                0.045599594712257385,
                0.0,
                0.023401470854878426,
                0.007493189070373774
            ],
            [
