{"house_id": 2, "timestamp": "2026-07-01 11:46:15", "graph_drift": 0.021494567394256592, "appliances": [{"name": "Dishwasher", "icon": "fa-soap", "health": 69.6409619459454, "severity": "Healthy", "confidence": 0.98, "rul": 90, "root_cause": "Normal Operation", "recommendations": ["General preventative maintenance check"], "drift_ratio": 0.9037884790349235, "normal_error": 0.19457456469535828, "faulty_error": 0.17585425078868866}, {"name": "Fridge_Freezer", "icon": "fa-snowflake", "health": 53.239831817956514, "severity": "Moderate", "confidence": 0.94, "rul": 9, "root_cause": "Compressor efficiency loss & Door Gasket wear", "recommendations": ["Inspect and clean door gasket seals.", "Replace magnetic door gasket strip if cracked.", "Ensure unit is leveled so door closes firmly."], "drift_ratio": 1.3704222020309913, "normal_error": 0.24064652621746063, "faulty_error": 0.32978734374046326}, {"name": "Hi_Fi", "icon": "fa-plug", "health": 63.993491327389805, "severity": "Healthy", "confidence": 0.98, "rul": 120, "root_cause": "Normal Operation", "recommendations": ["General preventative maintenance check"], "drift_ratio": 1.0375965732488106, "normal_error": 0.15534526109695435, "faulty_error": 0.16118571162223816}, {"name": "Kettle", "icon": "fa-mug-hot", "health": 60.624411576181885, "severity": "Healthy", "confidence": 0.98, "rul": 80, "root_cause": "Normal Operation", "recommendations": ["General preventative maintenance check"], "drift_ratio": 1.0570507962301512, "normal_error": 0.14297260344028473, "faulty_error": 0.15112930536270142}, {"name": "Microwave", "icon": "fa-temperature-arrow-up", "health": 61.15137694118312, "severity": "Healthy", "confidence": 0.98, "rul": 25, "root_cause": "Normal Operation", "recommendations": ["General preventative maintenance check"], "drift_ratio": 1.0999258917407548, "normal_error": 0.14295755326747894, "faulty_error": 0.15724271535873413}, {"name": "Oven_Extractor_Fan", "icon": "fa-kitchen-set", "health": 63.116255129458324, "severity": "Healthy", "confidence": 0.98, "rul": 76, "root_cause": "Normal Operation", "recommendations": ["General preventative maintenance check"], "drift_ratio": 1.0163436287397827, "normal_error": 0.13455836474895477, "faulty_error": 0.13675753772258759}, {"name": "Television", "icon": "fa-tv", "health": 65.02380434248997, "severity": "Healthy", "confidence": 0.98, "rul": 90, "root_cause": "Normal Operation", "recommendations": ["General preventative maintenance check"], "drift_ratio": 0.9274744039254227, "normal_error": 0.37293094396591187, "faulty_error": 0.34588390588760376}, {"name": "Toaster", "icon": "fa-plug", "health": 62.1083227337291, "severity": "Healthy", "confidence": 0.98, "rul": 36, "root_cause": "Normal Operation", "recommendations": ["General preventative maintenance check"], "drift_ratio": 1.0400669256082826, "normal_error": 0.13516131043434143, "faulty_error": 0.1405768096446991}, {"name": "Washing_Machine", "icon": "fa-soap", "health": 65.74963939796024, "severity": "Healthy", "confidence": 0.98, "rul": 90, "root_cause": "Normal Operation", "recommendations": ["General preventative maintenance check"], "drift_ratio": 0.7476678801512197, "normal_error": 0.30134037137031555, "faulty_error": 0.22530251741409302}], "appliance_names": ["Dishwasher", "Fridge_Freezer", "Hi_Fi", "Kettle", "Microwave", "Oven_Extractor_Fan", "Television", "Toaster", "Washing_Machine"], "mean_adjacency": [[[1.0, 0.2113647311925888, 0.07907790690660477, 0.0, 0.04937928169965744, 0.010629305616021156, 0.3407268226146698, 0.003002212382853031, 0.1970026195049286], [0.2113647311925888, 1.0, 0.13455700874328613, 0.0, 0.10590124130249023, 0.01565576158463955, 0.39727723598480225, 0.020318670198321342, 0.3731934428215027], [0.07907790690660477, 0.13455700874328613, 1.0, 0.0, 0.04771672934293747, 0.022149337455630302, 0.15937063097953796, 0.03373689204454422, 0.13090340793132782], [0.0, 0.0, 0.0, 1.0, 0.0, 0.0, 0.0, 0.0, 0.0], [0.04937928169965744, 0.10590124130249023, 0.04771672934293747, 0.0, 1.0, 0.006211769767105579, 0.07781847566366196, 0.03705402836203575, 0.06957430392503738], [0.010629305616021156, 0.01565576158463955, 0.022149337455630302, 0.0, 0.006211769767105579, 1.0, 0.013680611737072468, 0.02321937307715416, 0.012598084285855293], [0.3407268226146698, 0.39727723598480225, 0.15937063097953796, 0.0, 0.07781847566366196, 0.013680611737072468, 1.0, 0.039450839161872864, 0.4961155354976654], [0.003002212382853031, 0.020318670198321342, 0.03373689204454422, 0.0, 0.03705402836203575, 0.02321937307715416, 0.039450839161872864, 1.0, 0.02755376510322094], [0.1970026195049286, 0.3731934428215027, 0.13090340793132782, 0.0, 0.06957430392503738, 0.012598084285855293, 0.4961155354976654, 0.02755376510322094, 1.0]], [[1.0, 0.5014241933822632, 0.504795253276825, 0.5050221085548401, 0.5092262625694275, 0.507481038570404, 0.5417918562889099, 0.4806230068206787, 0.43371593952178955], [0.5014241933822632, 1.0, 0.5050168037414551, 0.4851815104484558, 0.5480756163597107, 0.49668455123901367, 0.472985178232193, 0.4629959166049957, 0.548576831817627], [0.504795253276825, 0.5050168037414551, 1.0, 0.49870628118515015, 0.49273669719696045, 0.5087118148803711, 0.5310805439949036, 0.5037435293197632, 0.521845281124115], [0.5050221085548401, 0.4851815104484558, 0.49870628118515015, 1.0, 0.4991511106491089, 0.49689626693725586, 0.5132692456245422, 0.5079762935638428, 0.4916720390319824], [0.5092262625694275, 0.5480756163597107, 0.49273669719696045, 0.4991511106491089, 1.0, 0.5125713348388672, 0.5085418820381165, 0.502558171749115, 0.49818652868270874], [0.507481038570404, 0.49668455123901367, 0.5087118148803711, 0.49689626693725586, 0.5125713348388672, 1.0, 0.4937313497066498, 0.5097948312759399, 0.4926294684410095], [0.5417918562889099, 0.472985178232193, 0.5310805439949036, 0.5132692456245422, 0.5085418820381165, 0.4937313497066498, 1.0, 0.5064014196395874, 0.5979945063591003], [0.4806230068206787, 0.4629959166049957, 0.5037435293197632, 0.5079762935638428, 0.502558171749115, 0.5097948312759399, 0.5064014196395874, 1.0, 0.4992566406726837], [0.43371593952178955, 0.548576831817627, 0.521845281124115, 0.4916720390319824, 0.49818652868270874, 0.4926294684410095, 0.5979945063591003, 0.4992566406726837, 1.0]], [[1.0, 0.04080348089337349, 0.0027518400456756353, 0.0, 0.02344515174627304, 0.0016232344787567854, 0.0923466682434082, 0.014936082996428013, 0.05804123729467392], [0.04080348089337349, 1.0, 0.0036212962586432695, 0.0, 0.03712531924247742, 0.0036372311878949404, 0.051550451666116714, 0.01975039206445217, 0.08952773362398148], [0.0027518400456756353, 0.0036212962586432695, 1.0, 0.0, 0.005411599762737751, 0.005130269564688206, 0.006639000028371811, 0.001904606819152832, 0.004465386737138033], [0.0, 0.0, 0.0, 1.0, 0.0, 0.0, 0.0, 0.0, 0.0], [0.02344515174627304, 0.03712531924247742, 0.005411599762737751, 0.0, 1.0, 0.0020056874491274357, 0.02780206874012947, 0.01621328294277191, 0.03252118080854416], [0.0016232344787567854, 0.0036372311878949404, 0.005130269564688206, 0.0, 0.0020056874491274357, 1.0, 0.0028834291733801365, 0.004006970673799515, 0.0032870741561055183], [0.0923466682434082, 0.051550451666116714, 0.006639000028371811, 0.0, 0.02780206874012947, 0.0028834291733801365, 1.0, 0.02128848060965538, 0.1034683808684349], [0.014936082996428013, 0.01975039206445217, 0.001904606819152832, 0.0, 0.01621328294277191, 0.004006970673799515, 0.02128848060965538, 1.0, 0.018735049292445183], [0.05804123729467392, 0.08952773362398148, 0.004465386737138033, 0.0, 0.03252118080854416, 0.0032870741561055183, 0.1034683808684349, 0.018735049292445183, 1.0]], [[1.0, 0.16784916818141937, 0.05452806130051613, 0.0, 0.027463329955935478, 0.0056999363005161285, 0.2914939522743225, 0.0009566326625645161, 0.17562180757522583], [0.16784916818141937, 1.0, 0.07692921161651611, 0.0, 0.056162308901548386, 0.007692920975387096, 0.3522799611091614, 0.010243941098451614, 0.2917330861091614], [0.05452806130051613, 0.07692921161651611, 1.0, 0.0, 0.011957908049225807, 0.0037069516256451607, 0.1253587305545807, 0.0069754463620483875, 0.09020248800516129], [0.0, 0.0, 0.0, 1.0, 0.0, 0.0, 0.0, 0.0, 0.0], [0.027463329955935478, 0.056162308901548386, 0.011957908049225807, 0.0, 1.0, 0.0007971939048729837, 0.06246013939380646, 0.0047433036379516125, 0.04599808529019356], [0.0056999363005161285, 0.007692920975387096, 0.0037069516256451607, 0.0, 0.0007971939048729837, 1.0, 0.010403379797935486, 0.0019132653251290321, 0.007932079024612904], [0.2914939522743225, 0.3522799611091614, 0.1253587305545807, 0.0, 0.06246013939380646, 0.010403379797935486, 1.0, 0.02969547174870968, 0.43997129797935486], [0.0009566326625645161, 0.010243941098451614, 0.0069754463620483875, 0.0, 0.0047433036379516125, 0.0019132653251290321, 0.02969547174870968, 1.0, 0.01662149280309677], [0.17562180757522583, 0.2917330861091614, 0.09020248800516129, 0.0, 0.04599808529019356, 0.007932079024612904, 0.43997129797935486, 0.01662149280309677, 1.0]]], "injected_nodes": [0, 1, 4, 6, 8], "drift_ratios": [0.9037884790349235, 1.3704222020309913, 1.0375965732488106, 1.0570507962301512, 1.0999258917407548, 1.0163436287397827, 0.9274744039254227, 1.0400669256082826, 0.7476678801512197], "statuses": ["Healthy", "Moderate", "Healthy", "Healthy", "Healthy", "Healthy", "Healthy", "Healthy", "Healthy"], "health_history": {"Dishwasher": [53.64460882371342, 47.44517386801803, 41.46669601373756, 43.11930037076917, 52.33015434172009, 57.822267779468085, 61.872294759839704, 66.77397589835789, 71.67051975597067, 73.8826195368349, 75.63062245425479, 70.35887701560458, 70.27858417052747, 70.1954255613399, 70.10966615545962, 70.02067826308146, 69.9270187121534, 69.83257197646967, 69.73703192862529, 69.6409619459454], "Fridge_Freezer": [67.91672207533205, 68.24661333152137, 67.31275600229554, 68.19141806082052, 66.0686312751819, 59.77498651916151, 61.439710026646445, 67.14090568331699, 64.63452402065474, 57.996238422441245, 53.06129442840041, 57.821584393302686, 59.098208494705126, 58.73823915423706, 58.306941060941675, 57.39285126167591, 58.56208079832086, 60.123039563244916, 55.21706653658466, 53.239831817956514], "Hi_Fi": [67.48672173467315, 66.76277620591043, 67.0628817622987, 66.55333110776488, 65.97736624178813, 64.46836026234546, 64.69036454351897, 65.30730902843484, 63.82290546663324, 65.15627927695189, 64.9331765249596, 65.47834759231674, 65.29982944076883, 66.22006504744745, 65.7504488002252, 64.16148745997364, 64.53180527387823, 64.23900621278452, 64.10367460791166, 63.993491327389805], "Kettle": [64.71227846631857, 64.1868676809783, 64.1030431290151, 63.80543122220941, 63.91927824929331, 64.111685315698, 63.616331946934025, 63.3011755470376, 62.75108832928207, 62.70117640116207, 62.42708785873713, 62.64192733963134, 62.435182629282416, 62.12503062230344, 61.84418673179754, 61.484658565684306, 61.40560546360129, 61.278414682865524, 61.49497017746765, 60.624411576181885], "Microwave": [67.31507881951562, 67.03019672187155, 66.82087380041892, 66.73723740572406, 66.56993516430697, 66.40446631159303, 66.50932657350401, 66.47347241169693, 66.29960604968204, 67.37221943409696, 62.80715887483831, 62.48673554317785, 63.43099331085554, 60.46416174228769, 59.58577711530351, 60.90238213887691, 56.66213694485874, 56.36609989185216, 62.353619742518596, 61.15137694118312], "Oven_Extractor_Fan": [65.82267403687051, 65.17480422330885, 65.40546319022442, 65.72665923778733, 64.6868251125861, 65.01677425681316, 64.40359532038876, 64.14511372344293, 63.312946615655164, 63.25336688285167, 62.983893679213274, 62.43332470281217, 60.93350690828509, 61.50654940008835, 61.38622044360476, 61.45011644170545, 62.225657685398716, 62.70709809627181, 62.90391416740739, 63.116255129458324], "Television": [60.620728024089644, 60.07978147204642, 59.56114193217722, 54.459963418549314, 59.91686675019892, 65.62576217006182, 66.46396276868657, 66.19319264847431, 66.40267725131682, 66.29362844889629, 65.51813279519249, 65.53600371956318, 60.457771111189665, 54.77932859027549, 55.11295433773895, 58.28444068421712, 63.80576673935281, 65.65479564145934, 64.744888335503, 65.02380434248997], "Toaster": [66.38971133891758, 66.25310939128951, 66.12261657516224, 65.99559001839407, 65.86285196590325, 65.73084492060056, 65.59287333862551, 65.44948346710765, 65.30834284847634, 65.16715403156891, 64.08689008495588, 62.255239112451235, 62.56347512141547, 61.43499281604694, 60.488587531845, 60.194204510748136, 60.45943159130304, 59.29347110971229, 60.56749614293295, 62.1083227337291], "Washing_Machine": [66.38754737945527, 65.91023090423192, 63.034715768573626, 61.2928235805135, 57.95729180647606, 56.47481562150122, 51.34127422348095, 45.967116265346476, 39.77420507566838, 43.553330309203155, 43.33320081526926, 44.07075785042108, 46.839787359475636, 47.91774592436163, 48.359187381108924, 47.60086238678625, 49.94320185162847, 53.51078748010105, 60.08341615712338, 65.74963939796024]}, "added_edges": [{"name": "Fridge_Freezer \u2194 Microwave", "from_node": 1, "to_node": 4, "baseline": 0.10590124130249023, "current": 0.18939393758773804, "increase": 0.0834926962852478}], "removed_edges": [{"name": "Dishwasher \u2194 Fridge_Freezer", "from_node": 0, "to_node": 1, "baseline": 0.2113647311925888, "current": 0.0, "decrease": 0.2113647311925888}, {"name": "Dishwasher \u2194 Television", "from_node": 0, "to_node": 6, "baseline": 0.3407268226146698, "current": 0.0, "decrease": 0.3407268226146698}, {"name": "Dishwasher \u2194 Washing_Machine", "from_node": 0, "to_node": 8, "baseline": 0.1970026195049286, "current": 0.0, "decrease": 0.1970026195049286}, {"name": "Fridge_Freezer \u2194 Washing_Machine", "from_node": 1, "to_node": 8, "baseline": 0.3731934428215027, "current": 0.2654028534889221, "decrease": 0.10779058933258057}], "edge_changes": [{"name": "Dishwasher \u2194 Television", "from_node": 0, "to_node": 6, "baseline": 0.3407268226146698, "current": 0.0, "delta": -0.3407268226146698}, {"name": "Dishwasher \u2194 Fridge_Freezer", "from_node": 0, "to_node": 1, "baseline": 0.2113647311925888, "current": 0.0, "delta": -0.2113647311925888}, {"name": "Dishwasher \u2194 Washing_Machine", "from_node": 0, "to_node": 8, "baseline": 0.1970026195049286, "current": 0.0, "delta": -0.1970026195049286}, {"name": "Fridge_Freezer \u2194 Washing_Machine", "from_node": 1, "to_node": 8, "baseline": 0.3731934428215027, "current": 0.2654028534889221, "delta": -0.10779058933258057}, {"name": "Fridge_Freezer \u2194 Microwave", "from_node": 1, "to_node": 4, "baseline": 0.10590124130249023, "current": 0.18939393758773804, "delta": 0.0834926962852478}, {"name": "Dishwasher \u2194 Hi_Fi", "from_node": 0, "to_node": 2, "baseline": 0.07907790690660477, "current": 0.0, "delta": -0.07907790690660477}, {"name": "Fridge_Freezer \u2194 Television", "from_node": 1, "to_node": 6, "baseline": 0.39727723598480225, "current": 0.4524886906147003, "delta": 0.05521145462989807}, {"name": "Dishwasher \u2194 Microwave", "from_node": 0, "to_node": 4, "baseline": 0.04937928169965744, "current": 0.0, "delta": -0.04937928169965744}, {"name": "Microwave \u2194 Television", "from_node": 4, "to_node": 6, "baseline": 0.07781847566366196, "current": 0.043902438133955, "delta": -0.033916037529706955}, {"name": "Fridge_Freezer \u2194 Toaster", "from_node": 1, "to_node": 7, "baseline": 0.020318670198321342, "current": 0.05303030461072922, "delta": 0.032711632549762726}], "isolated_nodes": [3, 5, 7], "connected_nodes": [0, 1, 2, 4, 6, 8], "connectivity_threshold": 0.05}