{"house_id": 14, "timestamp": "2026-07-01 11:46:26", "graph_drift": 0.009940743446350098, "appliances": [{"name": "Appliance1", "icon": "fa-plug", "health": 66.33022619444426, "severity": "Healthy", "confidence": 0.98, "rul": 46, "root_cause": "Normal Operation", "recommendations": ["General preventative maintenance check"], "drift_ratio": 0.9225494970414465, "normal_error": 0.2469903975725174, "faulty_error": 0.22786086797714233}, {"name": "Appliance2", "icon": "fa-plug", "health": 45.09674827262009, "severity": "Healthy", "confidence": 0.98, "rul": 90, "root_cause": "Normal Operation", "recommendations": ["General preventative maintenance check"], "drift_ratio": 0.9360167550904881, "normal_error": 0.27624067664146423, "faulty_error": 0.25856590270996094}, {"name": "Appliance3", "icon": "fa-plug", "health": 41.33401476628622, "severity": "Moderate", "confidence": 0.65, "rul": 90, "root_cause": "Generic hardware degradation", "recommendations": ["Perform general physical inspection.", "Check for standard utility connection tightness.", "Update control firmware if applicable."], "drift_ratio": 1.3480143735388461, "normal_error": 0.28359925746917725, "faulty_error": 0.3822958767414093}, {"name": "Appliance4", "icon": "fa-plug", "health": 61.205112690953484, "severity": "Healthy", "confidence": 0.98, "rul": 90, "root_cause": "Normal Operation", "recommendations": ["General preventative maintenance check"], "drift_ratio": 0.978736363469851, "normal_error": 0.3327450752258301, "faulty_error": 0.32566970586776733}, {"name": "Appliance5", "icon": "fa-plug", "health": 62.042580169934716, "severity": "Healthy", "confidence": 0.98, "rul": 120, "root_cause": "Normal Operation", "recommendations": ["General preventative maintenance check"], "drift_ratio": 1.0442578012905077, "normal_error": 0.1434757262468338, "faulty_error": 0.14982564747333527}, {"name": "Appliance6", "icon": "fa-plug", "health": 66.45766421063684, "severity": "Healthy", "confidence": 0.98, "rul": 90, "root_cause": "Normal Operation", "recommendations": ["General preventative maintenance check"], "drift_ratio": 0.9731844721172614, "normal_error": 0.13711024820804596, "faulty_error": 0.13343356549739838}, {"name": "Appliance7", "icon": "fa-plug", "health": 60.93965692255418, "severity": "Healthy", "confidence": 0.98, "rul": 112, "root_cause": "Normal Operation", "recommendations": ["General preventative maintenance check"], "drift_ratio": 1.0863081393217653, "normal_error": 0.16014663875102997, "faulty_error": 0.1739685982465744}, {"name": "Appliance8", "icon": "fa-plug", "health": 59.59064059848018, "severity": "Healthy", "confidence": 0.98, "rul": 55, "root_cause": "Normal Operation", "recommendations": ["General preventative maintenance check"], "drift_ratio": 1.1165437841245127, "normal_error": 0.14281903207302094, "faulty_error": 0.15946370363235474}, {"name": "Appliance9", "icon": "fa-plug", "health": 62.27369657592398, "severity": "Healthy", "confidence": 0.98, "rul": 89, "root_cause": "Normal Operation", "recommendations": ["General preventative maintenance check"], "drift_ratio": 1.0293709348780928, "normal_error": 0.12535598874092102, "faulty_error": 0.12903781235218048}], "appliance_names": ["Appliance1", "Appliance2", "Appliance3", "Appliance4", "Appliance5", "Appliance6", "Appliance7", "Appliance8", "Appliance9"], "mean_adjacency": [[[1.0, 0.22868385910987854, 0.34045732021331787, 0.39515990018844604, 0.07571069896221161, 0.0821719765663147, 0.15027283132076263, 0.1094532310962677, 0.013809889554977417], [0.22868385910987854, 1.0, 0.21604403853416443, 0.15352317690849304, 0.05656902864575386, 0.04951603710651398, 0.09548410028219223, 0.0530523918569088, 0.007252559997141361], [0.34045732021331787, 0.21604403853416443, 1.0, 0.39193612337112427, 0.06168627366423607, 0.0720914676785469, 0.12542159855365753, 0.08441533893346786, 0.014497539959847927], [0.39515990018844604, 0.15352317690849304, 0.39193612337112427, 1.0, 0.09332261979579926, 0.09574045240879059, 0.15284420549869537, 0.10364410281181335, 0.0177052840590477], [0.07571069896221161, 0.05656902864575386, 0.06168627366423607, 0.09332261979579926, 1.0, 0.00129569205455482, 0.05003245174884796, 0.04823167249560356, 0.008805600926280022], [0.0821719765663147, 0.04951603710651398, 0.0720914676785469, 0.09574045240879059, 0.00129569205455482, 1.0, 0.06460801512002945, 0.05364155024290085, 0.005971606820821762], [0.15027283132076263, 0.09548410028219223, 0.12542159855365753, 0.15284420549869537, 0.05003245174884796, 0.06460801512002945, 1.0, 0.06316301971673965, 0.02012857049703598], [0.1094532310962677, 0.0530523918569088, 0.08441533893346786, 0.10364410281181335, 0.04823167249560356, 0.05364155024290085, 0.06316301971673965, 1.0, 0.010239338502287865], [0.013809889554977417, 0.007252559997141361, 0.014497539959847927, 0.0177052840590477, 0.008805600926280022, 0.005971606820821762, 0.02012857049703598, 0.010239338502287865, 1.0]], [[1.0, 0.5307245254516602, 0.4870620667934418, 0.5241702198982239, 0.5045679807662964, 0.4764913320541382, 0.5049377679824829, 0.5138831734657288, 0.5019768476486206], [0.5307245254516602, 1.0, 0.5005321502685547, 0.49141669273376465, 0.5272377729415894, 0.4919334053993225, 0.5180707573890686, 0.5076960325241089, 0.491878479719162], [0.4870620667934418, 0.5005321502685547, 1.0, 0.4801802337169647, 0.46030470728874207, 0.5359883904457092, 0.4983471632003784, 0.4939824640750885, 0.504839301109314], [0.5241702198982239, 0.49141669273376465, 0.4801802337169647, 1.0, 0.521012544631958, 0.5099053382873535, 0.5050638914108276, 0.5047342777252197, 0.5087093710899353], [0.5045679807662964, 0.5272377729415894, 0.46030470728874207, 0.521012544631958, 1.0, 0.4559660255908966, 0.4962254464626312, 0.5083085298538208, 0.5014223456382751], [0.4764913320541382, 0.4919334053993225, 0.5359883904457092, 0.5099053382873535, 0.4559660255908966, 1.0, 0.4999559223651886, 0.4961414635181427, 0.5005264282226562], [0.5049377679824829, 0.5180707573890686, 0.4983471632003784, 0.5050638914108276, 0.4962254464626312, 0.4999559223651886, 1.0, 0.49817532300949097, 0.5168814659118652], [0.5138831734657288, 0.5076960325241089, 0.4939824640750885, 0.5047342777252197, 0.5083085298538208, 0.4961414635181427, 0.49817532300949097, 1.0, 0.5044116377830505], [0.5019768476486206, 0.491878479719162, 0.504839301109314, 0.5087093710899353, 0.5014223456382751, 0.5005264282226562, 0.5168814659118652, 0.5044116377830505, 1.0]], [[1.0, 0.03692980855703354, 0.047390345484018326, 0.04362385347485542, 0.025626342743635178, 0.027668481692671776, 0.0031555138994008303, 0.0038595269434154034, 0.00431997561827302], [0.03692980855703354, 1.0, 0.0573357418179512, 0.09913698583841324, 0.02366241067647934, 0.017103223130106926, 0.0028937452007085085, 0.0032310213427990675, 0.0015389445470646024], [0.047390345484018326, 0.0573357418179512, 1.0, 0.1395086944103241, 0.03107113391160965, 0.025254128500819206, 0.0030465940944850445, 0.003706383053213358, 0.0031445538625121117], [0.04362385347485542, 0.09913698583841324, 0.1395086944103241, 1.0, 0.0485469251871109, 0.0186318289488554, 0.002439298899844289, 0.003379000583663583, 0.0044632283970713615], [0.025626342743635178, 0.02366241067647934, 0.03107113391160965, 0.0485469251871109, 1.0, 0.013441381976008415, 0.0044251615181565285, 0.003693758277222514, 0.002561221132054925], [0.027668481692671776, 0.017103223130106926, 0.025254128500819206, 0.0186318289488554, 0.013441381976008415, 1.0, 0.00184596364852041, 0.0025457420852035284, 0.0017363791121169925], [0.0031555138994008303, 0.0028937452007085085, 0.0030465940944850445, 0.002439298899844289, 0.0044251615181565285, 0.00184596364852041, 1.0, 0.0031195045448839664, 0.00324345869012177], [0.0038595269434154034, 0.0032310213427990675, 0.003706383053213358, 0.003379000583663583, 0.003693758277222514, 0.0025457420852035284, 0.0031195045448839664, 1.0, 0.0022701211273670197], [0.00431997561827302, 0.0015389445470646024, 0.0031445538625121117, 0.0044632283970713615, 0.002561221132054925, 0.0017363791121169925, 0.00324345869012177, 0.0022701211273670197, 1.0]], [[1.0, 0.17865954339504242, 0.2766858637332916, 0.328125, 0.040542762726545334, 0.045106906443834305, 0.08758223801851273, 0.060115132480859756, 0.007072368636727333], [0.17865954339504242, 1.0, 0.19629934430122375, 0.14498355984687805, 0.03347039595246315, 0.03293585404753685, 0.06381578743457794, 0.03384045884013176, 0.004728618543595076], [0.2766858637332916, 0.19629934430122375, 1.0, 0.33445724844932556, 0.04399671033024788, 0.04905427619814873, 0.09058388322591782, 0.05653782933950424, 0.009991776198148727], [0.328125, 0.14498355984687805, 0.33445724844932556, 1.0, 0.05797697231173515, 0.06648848950862885, 0.11101973801851273, 0.07347861677408218, 0.011266447603702545], [0.040542762726545334, 0.03347039595246315, 0.04399671033024788, 0.05797697231173515, 1.0, 0.00024671052233316004, 0.013404604978859425, 0.009991776198148727, 0.0009868420893326402], [0.045106906443834305, 0.03293585404753685, 0.04905427619814873, 0.06648848950862885, 0.00024671052233316004, 1.0, 0.018421052023768425, 0.012253289110958576, 0.0006578947650268674], [0.08758223801851273, 0.06381578743457794, 0.09058388322591782, 0.11101973801851273, 0.013404604978859425, 0.018421052023768425, 1.0, 0.017105262726545334, 0.0035773026756942272], [0.060115132480859756, 0.03384045884013176, 0.05653782933950424, 0.07347861677408218, 0.009991776198148727, 0.012253289110958576, 0.017105262726545334, 1.0, 0.0013157895300537348], [0.007072368636727333, 0.004728618543595076, 0.009991776198148727, 0.011266447603702545, 0.0009868420893326402, 0.0006578947650268674, 0.0035773026756942272, 0.0013157895300537348, 1.0]]], "injected_nodes": [], "drift_ratios": [0.9225494970414465, 0.9360167550904881, 1.3480143735388461, 0.978736363469851, 1.0442578012905077, 0.9731844721172614, 1.0863081393217653, 1.1165437841245127, 1.0293709348780928], "statuses": ["Healthy", "Healthy", "Moderate", "Healthy", "Healthy", "Healthy", "Healthy", "Healthy", "Healthy"], "health_history": {"Appliance1": [68.62347013913009, 65.71293131605566, 59.87799293368879, 65.7691074817634, 69.96890395022835, 66.58428611307481, 65.45526474358475, 64.62811237382161, 64.75944037238986, 64.31846198540613, 64.12721685356311, 58.18683779204263, 58.20317122194973, 61.20649220590656, 61.7956450557642, 61.78317809969329, 58.018496453391, 61.218303006394784, 66.33022619444426], "Appliance2": [43.07560604239824, 39.04738273633228, 34.369669520473494, 36.77318402437706, 35.33954112416208, 33.58313081663982, 33.35402006315368, 32.94798049992529, 26.986133309741973, 26.8879140581232, 37.2953515101914, 47.79589506683193, 52.65828275083008, 51.99226370726828, 52.14840137267748, 52.839546344887715, 52.5857146644994, 50.7541100874481, 45.09674827262009], "Appliance3": [76.57287016472728, 72.72449357011985, 70.64615965082278, 67.42276226164853, 63.147666863893484, 57.17325146991148, 51.65026940040189, 46.438203692429056, 52.739139805231375, 59.56059465315234, 57.68313253356429, 55.277317486587144, 52.97535007760447, 52.3098370449134, 52.34317695247405, 52.09961726563594, 48.26703711008401, 42.749483637319884, 41.33401476628622], "Appliance4": [74.41634130389147, 75.13009097022135, 75.84640384802655, 76.00000660328718, 72.68139860036584, 68.66887209358178, 62.79984914683932, 56.19696668417958, 48.53212298629474, 47.86880858841992, 47.79583161461483, 47.906841392485575, 47.54600014931949, 47.786803571980755, 54.82701180415687, 59.60738345491015, 59.94548950931151, 62.121879711609594, 61.205112690953484], "Appliance5": [63.66616064973118, 62.79159773299581, 63.11185994369335, 65.05099883605536, 64.71084929906613, 65.29251206679001, 65.08534486768058, 64.45487358787904, 64.37472403880943, 64.23601484557952, 65.29019414379397, 65.1075463418494, 65.21571104817232, 64.01213519516156, 61.934513616702816, 61.285710359590645, 59.55897853135191, 62.152285124763154, 62.042580169934716], "Appliance6": [64.52200914305209, 61.99248233943106, 64.27127811579544, 62.929633380040116, 60.66183911298393, 60.492647362070684, 63.21654540096643, 65.18985357429374, 64.61428022878195, 67.54858915663223, 67.1024680277298, 67.34748291497819, 69.05919527461764, 68.92546719049884, 68.78533373323839, 68.64391170968511, 66.70267909788522, 66.67167484438033, 66.45766421063684], "Appliance7": [65.6831083091206, 65.89579697408043, 65.57329282643232, 64.23025713477779, 64.75183969288199, 64.19396312276784, 63.6740433710767, 63.60902998230667, 63.94972128420313, 64.19024271888188, 64.14324585432584, 64.56450464361274, 63.91098826640822, 64.09367281082001, 64.8230158370099, 63.93841955369339, 63.18867118280874, 61.46425394459837, 60.93965692255418], "Appliance8": [64.51649592025662, 64.90798392964302, 65.29936243295018, 65.95786402426232, 65.99199216027098, 66.1168215384713, 65.9776242074592, 64.97865688754723, 64.39467984727149, 64.05232608282253, 64.16043501554307, 64.24148084240232, 63.59448116548302, 62.10546281271726, 61.916674332092214, 61.34158616459413, 61.79025145163524, 61.4273218725026, 59.59064059848018], "Appliance9": [65.60283145685993, 65.29214292983579, 64.99970854366984, 64.61590325148507, 64.61660030698324, 64.47281518409933, 64.03662181463065, 63.445830248862755, 62.969488660998216, 62.32442043320605, 62.384685237619244, 62.12822545005388, 62.316992435553736, 61.82371239908379, 62.80646480636495, 62.50736264869936, 62.32980518692937, 62.705378689340485, 62.27369657592398]}, "added_edges": [{"name": "Appliance1 \u2194 Appliance2", "from_node": 0, "to_node": 1, "baseline": 0.22868385910987854, "current": 0.3971962630748749, "increase": 0.16851240396499634}, {"name": "Appliance1 \u2194 Appliance3", "from_node": 0, "to_node": 2, "baseline": 0.34045732021331787, "current": 0.4691357910633087, "increase": 0.12867847084999084}, {"name": "Appliance2 \u2194 Appliance3", "from_node": 1, "to_node": 2, "baseline": 0.21604403853416443, "current": 0.7613168954849243, "increase": 0.5452728271484375}, {"name": "Appliance2 \u2194 Appliance4", "from_node": 1, "to_node": 3, "baseline": 0.15352317690849304, "current": 0.5267489552497864, "increase": 0.37322577834129333}, {"name": "Appliance2 \u2194 Appliance7", "from_node": 1, "to_node": 6, "baseline": 0.09548410028219223, "current": 0.2070707082748413, "increase": 0.11158660799264908}, {"name": "Appliance2 \u2194 Appliance8", "from_node": 1, "to_node": 7, "baseline": 0.0530523918569088, "current": 0.18134714663028717, "increase": 0.12829475104808807}, {"name": "Appliance3 \u2194 Appliance4", "from_node": 2, "to_node": 3, "baseline": 0.39193612337112427, "current": 0.7654321193695068, "increase": 0.37349599599838257}, {"name": "Appliance3 \u2194 Appliance7", "from_node": 2, "to_node": 6, "baseline": 0.12542159855365753, "current": 0.2222222238779068, "increase": 0.09680062532424927}, {"name": "Appliance3 \u2194 Appliance8", "from_node": 2, "to_node": 7, "baseline": 0.08441533893346786, "current": 0.1769547313451767, "increase": 0.09253939241170883}], "removed_edges": [{"name": "Appliance1 \u2194 Appliance4", "from_node": 0, "to_node": 3, "baseline": 0.39515990018844604, "current": 0.2552301287651062, "decrease": 0.13992977142333984}], "edge_changes": [{"name": "Appliance2 \u2194 Appliance3", "from_node": 1, "to_node": 2, "baseline": 0.21604403853416443, "current": 0.7613168954849243, "delta": 0.5452728271484375}, {"name": "Appliance3 \u2194 Appliance4", "from_node": 2, "to_node": 3, "baseline": 0.39193612337112427, "current": 0.7654321193695068, "delta": 0.37349599599838257}, {"name": "Appliance2 \u2194 Appliance4", "from_node": 1, "to_node": 3, "baseline": 0.15352317690849304, "current": 0.5267489552497864, "delta": 0.37322577834129333}, {"name": "Appliance1 \u2194 Appliance2", "from_node": 0, "to_node": 1, "baseline": 0.22868385910987854, "current": 0.3971962630748749, "delta": 0.16851240396499634}, {"name": "Appliance1 \u2194 Appliance4", "from_node": 0, "to_node": 3, "baseline": 0.39515990018844604, "current": 0.2552301287651062, "delta": -0.13992977142333984}, {"name": "Appliance1 \u2194 Appliance3", "from_node": 0, "to_node": 2, "baseline": 0.34045732021331787, "current": 0.4691357910633087, "delta": 0.12867847084999084}, {"name": "Appliance2 \u2194 Appliance8", "from_node": 1, "to_node": 7, "baseline": 0.0530523918569088, "current": 0.18134714663028717, "delta": 0.12829475104808807}, {"name": "Appliance2 \u2194 Appliance7", "from_node": 1, "to_node": 6, "baseline": 0.09548410028219223, "current": 0.2070707082748413, "delta": 0.11158660799264908}, {"name": "Appliance3 \u2194 Appliance7", "from_node": 2, "to_node": 6, "baseline": 0.12542159855365753, "current": 0.2222222238779068, "delta": 0.09680062532424927}, {"name": "Appliance3 \u2194 Appliance8", "from_node": 2, "to_node": 7, "baseline": 0.08441533893346786, "current": 0.1769547313451767, "delta": 0.09253939241170883}], "isolated_nodes": [8], "connected_nodes": [0, 1, 2, 3, 4, 5, 6, 7], "connectivity_threshold": 0.05}