{"house_id": 10, "timestamp": "2026-07-01 11:46:22", "graph_drift": 0.04355347156524658, "appliances": [{"name": "Chest_Freezer_In_Garage", "icon": "fa-snowflake", "health": 36.83994598798316, "severity": "Minor", "confidence": 0.94, "rul": 90, "root_cause": "Compressor efficiency loss & Door Gasket wear", "recommendations": ["Inspect and clean door gasket seals.", "Replace magnetic door gasket strip if cracked.", "Ensure unit is leveled so door closes firmly."], "drift_ratio": 1.2653370325463233, "normal_error": 0.27122291922569275, "faulty_error": 0.34318840503692627}, {"name": "Dishwasher", "icon": "fa-soap", "health": 59.86197942586221, "severity": "Healthy", "confidence": 0.98, "rul": 10, "root_cause": "Normal Operation", "recommendations": ["General preventative maintenance check"], "drift_ratio": 1.0161439876273441, "normal_error": 0.14246194064617157, "faulty_error": 0.1447618454694748}, {"name": "Freezer", "icon": "fa-snowflake", "health": 43.088594486821606, "severity": "Moderate", "confidence": 0.85, "rul": 90, "root_cause": "Compressor electrical motor wear", "recommendations": ["Clean dust from condenser coils.", "Verify condenser fan is rotating freely.", "Check compressor current draw against rated plate value."], "drift_ratio": 1.4688801631353599, "normal_error": 0.2528049349784851, "faulty_error": 0.37134015560150146}, {"name": "Fridge_Freezer", "icon": "fa-snowflake", "health": 46.97820008592465, "severity": "Critical", "confidence": 0.85, "rul": 8, "root_cause": "Compressor electrical motor wear", "recommendations": ["Clean dust from condenser coils.", "Verify condenser fan is rotating freely.", "Check compressor current draw against rated plate value."], "drift_ratio": 1.8725937078155592, "normal_error": 0.2654736638069153, "faulty_error": 0.4971243143081665}, {"name": "Kenwood_KMix", "icon": "fa-plug", "health": 62.73748018101567, "severity": "Healthy", "confidence": 0.98, "rul": 120, "root_cause": "Normal Operation", "recommendations": ["General preventative maintenance check"], "drift_ratio": 1.026799661247756, "normal_error": 0.1345563679933548, "faulty_error": 0.13816243410110474}, {"name": "Magimix_Blender", "icon": "fa-plug", "health": 61.92849098162919, "severity": "Healthy", "confidence": 0.98, "rul": 90, "root_cause": "Normal Operation", "recommendations": ["General preventative maintenance check"], "drift_ratio": 1.1057465622302012, "normal_error": 0.24068939685821533, "faulty_error": 0.26614147424697876}, {"name": "Microwave", "icon": "fa-temperature-arrow-up", "health": 63.14894327667334, "severity": "Healthy", "confidence": 0.98, "rul": 120, "root_cause": "Normal Operation", "recommendations": ["General preventative maintenance check"], "drift_ratio": 1.0143076826369803, "normal_error": 0.13261987268924713, "faulty_error": 0.1345173567533493}, {"name": "Television_Site", "icon": "fa-tv", "health": 63.983208890425495, "severity": "Healthy", "confidence": 0.98, "rul": 120, "root_cause": "Normal Operation", "recommendations": ["General preventative maintenance check"], "drift_ratio": 1.005968459021645, "normal_error": 0.14823101460933685, "faulty_error": 0.14911572635173798}, {"name": "Washing_Machine", "icon": "fa-soap", "health": 60.1566903362659, "severity": "Healthy", "confidence": 0.98, "rul": 90, "root_cause": "Normal Operation", "recommendations": ["General preventative maintenance check"], "drift_ratio": 1.0764737416895267, "normal_error": 0.15328796207904816, "faulty_error": 0.165010467171669}], "appliance_names": ["Chest_Freezer_In_Garage", "Dishwasher", "Freezer", "Fridge_Freezer", "Kenwood_KMix", "Magimix_Blender", "Microwave", "Television_Site", "Washing_Machine"], "mean_adjacency": [[[1.0, 0.03327121213078499, 0.2514955699443817, 0.2788887917995453, 0.012059075757861137, 0.18967373669147491, 0.0, 0.09639684110879898, 0.07589864730834961], [0.03327121213078499, 1.0, 0.03314653038978577, 0.043375466018915176, 0.0023443596437573433, 0.045599594712257385, 0.0, 0.023401470854878426, 0.007493189070373774], [0.2514955699443817, 0.03314653038978577, 1.0, 0.38031062483787537, 0.012562110088765621, 0.2780536115169525, 0.0, 0.11744138598442078, 0.07775038480758667], [0.2788887917995453, 0.043375466018915176, 0.38031062483787537, 1.0, 0.017919855192303658, 0.3471323549747467, 0.0, 0.1498153954744339, 0.09750154614448547], [0.012059075757861137, 0.0023443596437573433, 0.012562110088765621, 0.017919855192303658, 1.0, 0.018358271569013596, 0.0, 0.015271960757672787, 0.0165383443236351], [0.18967373669147491, 0.045599594712257385, 0.2780536115169525, 0.3471323549747467, 0.018358271569013596, 1.0, 0.0, 0.14850656688213348, 0.10410982370376587], [0.0, 0.0, 0.0, 0.0, 0.0, 0.0, 1.0, 0.0, 0.0], [0.09639684110879898, 0.023401470854878426, 0.11744138598442078, 0.1498153954744339, 0.015271960757672787, 0.14850656688213348, 0.0, 1.0, 0.05653591826558113], [0.07589864730834961, 0.007493189070373774, 0.07775038480758667, 0.09750154614448547, 0.0165383443236351, 0.10410982370376587, 0.0, 0.05653591826558113, 1.0]], [[1.0, 0.5091392993927002, 0.5346480011940002, 0.4840095043182373, 0.500411868095398, 0.46955031156539917, 0.5077199339866638, 0.5030039548873901, 0.5213270783424377], [0.5091392993927002, 1.0, 0.47285717725753784, 0.49741649627685547, 0.49224552512168884, 0.5092705488204956, 0.5089704394340515, 0.4976423978805542, 0.48503831028938293], [0.5346480011940002, 0.47285717725753784, 1.0, 0.49711254239082336, 0.5044068098068237, 0.5484147667884827, 0.4970642924308777, 0.49997350573539734, 0.4885576367378235], [0.4840095043182373, 0.49741649627685547, 0.49711254239082336, 1.0, 0.4953879415988922, 0.46410951018333435, 0.5114657878875732, 0.5131387710571289, 0.48575711250305176], [0.500411868095398, 0.49224552512168884, 0.5044068098068237, 0.4953879415988922, 1.0, 0.498508095741272, 0.4969165325164795, 0.49644970893859863, 0.5111039280891418], [0.46955031156539917, 0.5092705488204956, 0.5484147667884827, 0.46410951018333435, 0.498508095741272, 1.0, 0.4991081953048706, 0.5114288330078125, 0.5016008019447327], [0.5077199339866638, 0.5089704394340515, 0.4970642924308777, 0.5114657878875732, 0.4969165325164795, 0.4991081953048706, 1.0, 0.5096116662025452, 0.5022991895675659], [0.5030039548873901, 0.4976423978805542, 0.49997350573539734, 0.5131387710571289, 0.49644970893859863, 0.5114288330078125, 0.5096116662025452, 1.0, 0.4872611463069916], [0.5213270783424377, 0.48503831028938293, 0.4885576367378235, 0.48575711250305176, 0.5111039280891418, 0.5016008019447327, 0.5022991895675659, 0.4872611463069916, 1.0]], [[1.0, 0.015665024518966675, 0.07282228767871857, 0.12652736902236938, 0.0027195948641747236, 0.03435412421822548, 0.0, 0.0031038064043968916, 0.02460680529475212], [0.015665024518966675, 1.0, 0.01431549433618784, 0.02605738304555416, 0.0008903968264348805, 0.01835976541042328, 0.0, 0.002071486320346594, 0.005212617106735706], [0.07282228767871857, 0.01431549433618784, 1.0, 0.12828178703784943, 0.002737850183621049, 0.02170727215707302, 0.0, 0.003169251373037696, 0.027800042182207108], [0.12652736902236938, 0.02605738304555416, 0.12828178703784943, 1.0, 0.004145130515098572, 0.05030392110347748, 0.0, 0.004765128251165152, 0.04249962791800499], [0.0027195948641747236, 0.0008903968264348805, 0.002737850183621049, 0.004145130515098572, 1.0, 0.005142894573509693, 0.0, 0.0036295256577432156, 0.002702489960938692], [0.03435412421822548, 0.01835976541042328, 0.02170727215707302, 0.05030392110347748, 0.005142894573509693, 1.0, 0.0, 0.005786654073745012, 0.03905070573091507], [0.0, 0.0, 0.0, 0.0, 0.0, 0.0, 1.0, 0.0, 0.0], [0.0031038064043968916, 0.002071486320346594, 0.003169251373037696, 0.004765128251165152, 0.0036295256577432156, 0.005786654073745012, 0.0, 1.0, 0.0030914663802832365], [0.02460680529475212, 0.005212617106735706, 0.027800042182207108, 0.04249962791800499, 0.002702489960938692, 0.03905070573091507, 0.0, 0.0030914663802832365, 1.0]], [[1.0, 0.019983552396297455, 0.2284950613975525, 0.2425575703382492, 0.00814144778996706, 0.16402138769626617, 0.0, 0.06994243711233139, 0.05427631735801697], [0.019983552396297455, 1.0, 0.022039473056793213, 0.02656250074505806, 0.0003289473825134337, 0.023601973429322243, 0.0, 0.005427631549537182, 0.0016447368543595076], [0.2284950613975525, 0.022039473056793213, 1.0, 0.3261924386024475, 0.009004933759570122, 0.2295641452074051, 0.0, 0.08322368562221527, 0.05427631735801697], [0.2425575703382492, 0.02656250074505806, 0.3261924386024475, 1.0, 0.012376644648611546, 0.29765623807907104, 0.0, 0.11110197007656097, 0.07434210181236267], [0.00814144778996706, 0.0003289473825134337, 0.009004933759570122, 0.012376644648611546, 1.0, 0.008840460330247879, 0.0, 0.002796052722260356, 0.0026315790601074696], [0.16402138769626617, 0.023601973429322243, 0.2295641452074051, 0.29765623807907104, 0.008840460330247879, 1.0, 0.0, 0.08281250298023224, 0.05690789595246315], [0.0, 0.0, 0.0, 0.0, 0.0, 0.0, 1.0, 0.0, 0.0], [0.06994243711233139, 0.005427631549537182, 0.08322368562221527, 0.11110197007656097, 0.002796052722260356, 0.08281250298023224, 0.0, 1.0, 0.016118420287966728], [0.05427631735801697, 0.0016447368543595076, 0.05427631735801697, 0.07434210181236267, 0.0026315790601074696, 0.05690789595246315, 0.0, 0.016118420287966728, 1.0]]], "injected_nodes": [0, 2, 3, 7, 8], "drift_ratios": [1.2653370325463233, 1.0161439876273441, 1.4688801631353599, 1.8725937078155592, 1.026799661247756, 1.1057465622302012, 1.0143076826369803, 1.005968459021645, 1.0764737416895267], "statuses": ["Minor", "Healthy", "Moderate", "Critical", "Healthy", "Healthy", "Healthy", "Healthy", "Healthy"], "health_history": {"Chest_Freezer_In_Garage": [71.60060538916805, 67.64588265873434, 63.40869599175395, 58.126009646977536, 49.15014003491288, 41.96305237113226, 33.42405724277748, 28.070545806250124, 40.510844553979354, 42.23990262523435, 41.03081908919689, 42.67162689124467, 47.656203936334975, 44.922842444090385, 43.552028908791726, 35.673896113362716, 26.383265379529092, 29.625807340502718, 36.83994598798316], "Dishwasher": [65.85227595041758, 64.83501368996616, 64.45671705319558, 64.5198484367525, 64.22761375806377, 63.93983711359348, 63.89411644013531, 63.9062841053562, 60.206437971577074, 59.8050620214198, 57.70226223132339, 55.712727084474956, 54.78168378423726, 54.069026317812884, 54.41337330938142, 53.91471388034776, 58.03321033042627, 57.16397629052963, 59.86197942586221], "Freezer": [79.64933606067233, 79.56367052181004, 79.47914000394996, 78.21855416320223, 74.08793868675923, 68.97381266754691, 63.71050789198144, 59.2330281702621, 53.974788739933935, 47.924587834365305, 39.16369642860732, 40.39422819211297, 46.24304851020386, 48.45429779699047, 48.794758422769334, 49.21808243294424, 47.98804395824439, 47.36967446775508, 43.088594486821606], "Fridge_Freezer": [58.531225115323764, 62.97972951409855, 67.22534215059038, 72.25801462193856, 76.59292124849857, 80.0867870069425, 83.35234470150213, 84.55134982939038, 84.4846479308219, 83.52371560900396, 81.59642663836925, 78.40577646801393, 73.85832935687094, 68.66604848728505, 62.65873268649545, 55.40510584128658, 46.20782804289011, 41.39295827314603, 46.97820008592465], "Kenwood_KMix": [64.54201045963325, 65.02925244310225, 64.05461174081213, 64.68456729066628, 64.43453019663295, 64.31964720238649, 63.88364562249414, 63.737194520789295, 63.724209599694696, 63.65047968251687, 63.35053644482747, 63.39149259799215, 63.43798271474311, 63.06547904673398, 63.3092788775241, 63.05988480031996, 63.089274688269455, 63.01827357376054, 62.73748018101567], "Magimix_Blender": [63.40442165725476, 65.05399963694427, 66.40683412761366, 65.97863001798993, 63.90745591810254, 63.7136116140999, 69.00341159836009, 67.8039016468559, 62.08943602472905, 64.99216164557524, 69.12915311069611, 66.84129237948754, 62.42710002117114, 64.56772835314322, 64.127621336115, 66.67814538378222, 70.25903190652772, 67.48673733890041, 61.92849098162919], "Microwave": [65.20442098853282, 65.3967731255326, 64.93142546302644, 64.8690743055448, 63.985201540196876, 63.547359580133495, 63.22754557713877, 63.15460933707563, 63.43466294502838, 62.96178774982637, 63.25706787456624, 63.13587214885769, 63.34605114880906, 63.17052165944458, 62.90179200794424, 63.29171738515313, 63.30963405597851, 63.31453266727732, 63.14894327667334], "Television_Site": [66.36539501350893, 65.14137319710208, 65.18601363284284, 65.04450528711848, 64.31129791733994, 63.16783259797006, 63.255580225427906, 62.91611783908906, 63.74129465613709, 63.47763786986048, 63.60231652296823, 63.93135213011325, 63.755518553746334, 63.826098167136344, 64.47770168304484, 64.8347063965465, 63.68922194596236, 64.02518594452889, 63.983208890425495], "Washing_Machine": [56.07064863553045, 55.42309431121862, 61.79057091102141, 65.84157505648447, 64.82724898522238, 66.73582787917908, 64.19589656185444, 64.19331677882606, 63.73558699148906, 59.51333850369346, 58.56709063979519, 58.879967589002064, 59.42469759060139, 62.296751686168854, 65.11253269029453, 65.35032607989734, 64.44674358162035, 60.298391305591494, 60.1566903362659]}, "added_edges": [{"name": "Chest_Freezer_In_Garage \u2194 Freezer", "from_node": 0, "to_node": 2, "baseline": 0.2514955699443817, "current": 0.5378485918045044, "increase": 0.2863530218601227}, {"name": "Chest_Freezer_In_Garage \u2194 Fridge_Freezer", "from_node": 0, "to_node": 3, "baseline": 0.2788887917995453, "current": 0.8388625383377075, "increase": 0.5599737167358398}, {"name": "Chest_Freezer_In_Garage \u2194 Magimix_Blender", "from_node": 0, "to_node": 5, "baseline": 0.18967373669147491, "current": 0.2749004065990448, "increase": 0.08522666990756989}, {"name": "Dishwasher \u2194 Magimix_Blender", "from_node": 1, "to_node": 5, "baseline": 0.045599594712257385, "current": 0.139860138297081, "increase": 0.09426054358482361}, {"name": "Freezer \u2194 Fridge_Freezer", "from_node": 2, "to_node": 3, "baseline": 0.38031062483787537, "current": 0.6733067631721497, "increase": 0.2929961383342743}, {"name": "Freezer \u2194 Magimix_Blender", "from_node": 2, "to_node": 5, "baseline": 0.2780536115169525, "current": 0.517241358757019, "increase": 0.23918774724006653}], "removed_edges": [{"name": "Fridge_Freezer \u2194 Washing_Machine", "from_node": 3, "to_node": 8, "baseline": 0.09750154614448547, "current": 0.0, "decrease": 0.09750154614448547}, {"name": "Magimix_Blender \u2194 Washing_Machine", "from_node": 5, "to_node": 8, "baseline": 0.10410982370376587, "current": 0.0, "decrease": 0.10410982370376587}], "edge_changes": [{"name": "Chest_Freezer_In_Garage \u2194 Fridge_Freezer", "from_node": 0, "to_node": 3, "baseline": 0.2788887917995453, "current": 0.8388625383377075, "delta": 0.5599737167358398}, {"name": "Freezer \u2194 Fridge_Freezer", "from_node": 2, "to_node": 3, "baseline": 0.38031062483787537, "current": 0.6733067631721497, "delta": 0.2929961383342743}, {"name": "Chest_Freezer_In_Garage \u2194 Freezer", "from_node": 0, "to_node": 2, "baseline": 0.2514955699443817, "current": 0.5378485918045044, "delta": 0.2863530218601227}, {"name": "Freezer \u2194 Magimix_Blender", "from_node": 2, "to_node": 5, "baseline": 0.2780536115169525, "current": 0.517241358757019, "delta": 0.23918774724006653}, {"name": "Magimix_Blender \u2194 Washing_Machine", "from_node": 5, "to_node": 8, "baseline": 0.10410982370376587, "current": 0.0, "delta": -0.10410982370376587}, {"name": "Fridge_Freezer \u2194 Washing_Machine", "from_node": 3, "to_node": 8, "baseline": 0.09750154614448547, "current": 0.0, "delta": -0.09750154614448547}, {"name": "Dishwasher \u2194 Magimix_Blender", "from_node": 1, "to_node": 5, "baseline": 0.045599594712257385, "current": 0.139860138297081, "delta": 0.09426054358482361}, {"name": "Chest_Freezer_In_Garage \u2194 Magimix_Blender", "from_node": 0, "to_node": 5, "baseline": 0.18967373669147491, "current": 0.2749004065990448, "delta": 0.08522666990756989}, {"name": "Freezer \u2194 Washing_Machine", "from_node": 2, "to_node": 8, "baseline": 0.07775038480758667, "current": 0.0, "delta": -0.07775038480758667}, {"name": "Chest_Freezer_In_Garage \u2194 Washing_Machine", "from_node": 0, "to_node": 8, "baseline": 0.07589864730834961, "current": 0.0, "delta": -0.07589864730834961}], "isolated_nodes": [1, 4, 6], "connected_nodes": [0, 2, 3, 5, 7, 8], "connectivity_threshold": 0.05}