{"house_id": 20, "timestamp": "2026-07-01 11:46:31", "graph_drift": 0.04098248481750488, "appliances": [{"name": "Computer_Site", "icon": "fa-tv", "health": 62.1897131870228, "severity": "Healthy", "confidence": 0.98, "rul": 30, "root_cause": "Normal Operation", "recommendations": ["General preventative maintenance check"], "drift_ratio": 1.0024434781234923, "normal_error": 0.1342911422252655, "faulty_error": 0.13461928069591522}, {"name": "Dishwasher", "icon": "fa-soap", "health": 56.279784577134215, "severity": "Minor", "confidence": 0.92, "rul": 40, "root_cause": "Bearing wear & Mechanical friction", "recommendations": ["Inspect motor and drum bearing assemblies for noise.", "Lubricate rotating bearings if serviceable.", "Check belt tension and alignment."], "drift_ratio": 1.18696795074953, "normal_error": 0.14531536400318146, "faulty_error": 0.17248468101024628}, {"name": "Freezer", "icon": "fa-snowflake", "health": 63.221465147357186, "severity": "Healthy", "confidence": 0.98, "rul": 90, "root_cause": "Normal Operation", "recommendations": ["General preventative maintenance check"], "drift_ratio": 1.0015905723237521, "normal_error": 0.21492046117782593, "faulty_error": 0.215262308716774}, {"name": "Fridge", "icon": "fa-snowflake", "health": 46.65933606030473, "severity": "Moderate", "confidence": 0.94, "rul": 5, "root_cause": "Compressor efficiency loss & Door Gasket wear", "recommendations": ["Inspect and clean door gasket seals.", "Replace magnetic door gasket strip if cracked.", "Ensure unit is leveled so door closes firmly."], "drift_ratio": 1.4976119857259023, "normal_error": 0.2397312968969345, "faulty_error": 0.3590244650840759}, {"name": "Kettle", "icon": "fa-mug-hot", "health": 61.7333276096715, "severity": "Healthy", "confidence": 0.98, "rul": 75, "root_cause": "Normal Operation", "recommendations": ["General preventative maintenance check"], "drift_ratio": 1.0323164615921756, "normal_error": 0.12256252765655518, "faulty_error": 0.12652331590652466}, {"name": "Microwave", "icon": "fa-temperature-arrow-up", "health": 59.69458986794627, "severity": "Healthy", "confidence": 0.98, "rul": 84, "root_cause": "Normal Operation", "recommendations": ["General preventative maintenance check"], "drift_ratio": 1.0621976420425587, "normal_error": 0.1272187978029251, "faulty_error": 0.13513150811195374}, {"name": "Television_Site", "icon": "fa-tv", "health": 62.2105175235944, "severity": "Healthy", "confidence": 0.98, "rul": 120, "root_cause": "Normal Operation", "recommendations": ["General preventative maintenance check"], "drift_ratio": 1.0575602526406922, "normal_error": 0.1601981520652771, "faulty_error": 0.16941919922828674}, {"name": "Tumble_Dryer", "icon": "fa-soap", "health": 64.69520517855122, "severity": "Healthy", "confidence": 0.98, "rul": 90, "root_cause": "Normal Operation", "recommendations": ["General preventative maintenance check"], "drift_ratio": 0.7713626117454323, "normal_error": 0.21571359038352966, "faulty_error": 0.16639339923858643}, {"name": "Washing_Machine", "icon": "fa-soap", "health": 67.42248877330027, "severity": "Healthy", "confidence": 0.98, "rul": 45, "root_cause": "Normal Operation", "recommendations": ["General preventative maintenance check"], "drift_ratio": 0.8322787809710486, "normal_error": 0.3292466402053833, "faulty_error": 0.27402499318122864}], "appliance_names": ["Computer_Site", "Dishwasher", "Freezer", "Fridge", "Kettle", "Microwave", "Television_Site", "Tumble_Dryer", "Washing_Machine"], "mean_adjacency": [[[1.0, 0.01694493740797043, 0.02153921313583851, 0.05181090906262398, 0.0, 0.0, 0.03645665943622589, 0.007419892121106386, 0.03371409326791763], [0.01694493740797043, 1.0, 0.05789551883935928, 0.11020562052726746, 0.0, 0.0, 0.05563543364405632, 0.037931252270936966, 0.07622139155864716], [0.02153921313583851, 0.05789551883935928, 1.0, 0.22751201689243317, 0.0, 0.0, 0.10827486217021942, 0.18837855756282806, 0.35537776350975037], [0.05181090906262398, 0.11020562052726746, 0.22751201689243317, 1.0, 0.0, 0.0, 0.15852926671504974, 0.1490618884563446, 0.36964643001556396], [0.0, 0.0, 0.0, 0.0, 1.0, 0.0, 0.0, 0.0, 0.0], [0.0, 0.0, 0.0, 0.0, 0.0, 1.0, 0.0, 0.0, 0.0], [0.03645665943622589, 0.05563543364405632, 0.10827486217021942, 0.15852926671504974, 0.0, 0.0, 1.0, 0.07059171050786972, 0.1557977795600891], [0.007419892121106386, 0.037931252270936966, 0.18837855756282806, 0.1490618884563446, 0.0, 0.0, 0.07059171050786972, 1.0, 0.16768907010555267], [0.03371409326791763, 0.07622139155864716, 0.35537776350975037, 0.36964643001556396, 0.0, 0.0, 0.1557977795600891, 0.16768907010555267, 1.0]], [[1.0, 0.48475849628448486, 0.500742495059967, 0.5204645395278931, 0.516105592250824, 0.5025248527526855, 0.5020899176597595, 0.49363425374031067, 0.491944819688797], [0.48475849628448486, 1.0, 0.5058386325836182, 0.5524849891662598, 0.5000888109207153, 0.5046533346176147, 0.5111104249954224, 0.4945535361766815, 0.5031797885894775], [0.500742495059967, 0.5058386325836182, 1.0, 0.4990968406200409, 0.507733941078186, 0.5172910094261169, 0.5005680322647095, 0.5464655160903931, 0.49194788932800293], [0.5204645395278931, 0.5524849891662598, 0.4990968406200409, 1.0, 0.5007891654968262, 0.5064529180526733, 0.5192645788192749, 0.4702656865119934, 0.5484052300453186], [0.516105592250824, 0.5000888109207153, 0.507733941078186, 0.5007891654968262, 1.0, 0.48850226402282715, 0.5178369283676147, 0.49839627742767334, 0.5132872462272644], [0.5025248527526855, 0.5046533346176147, 0.5172910094261169, 0.5064529180526733, 0.48850226402282715, 1.0, 0.4981551766395569, 0.5055506229400635, 0.506371021270752], [0.5020899176597595, 0.5111104249954224, 0.5005680322647095, 0.5192645788192749, 0.5178369283676147, 0.4981551766395569, 1.0, 0.50296950340271, 0.5297590494155884], [0.49363425374031067, 0.4945535361766815, 0.5464655160903931, 0.4702656865119934, 0.49839627742767334, 0.5055506229400635, 0.50296950340271, 1.0, 0.4715212285518646], [0.491944819688797, 0.5031797885894775, 0.49194788932800293, 0.5484052300453186, 0.5132872462272644, 0.506371021270752, 0.5297590494155884, 0.4715212285518646, 1.0]], [[1.0, 0.009693832136690617, 0.009616084396839142, 0.016183745115995407, 0.0, 0.0, 0.004881669767200947, 0.016293497756123543, 0.023760342970490456], [0.009693832136690617, 1.0, 0.029151301831007004, 0.034100621938705444, 0.0, 0.0, 0.0017355479067191482, 0.019402971491217613, 0.02707122080028057], [0.009616084396839142, 0.029151301831007004, 1.0, 0.03536219522356987, 0.0, 0.0, 0.003952807281166315, 0.06301317363977432, 0.07793044298887253], [0.016183745115995407, 0.034100621938705444, 0.03536219522356987, 1.0, 0.0, 0.0, 0.003662601811811328, 0.036077991127967834, 0.06009542942047119], [0.0, 0.0, 0.0, 0.0, 1.0, 0.0, 0.0, 0.0, 0.0], [0.0, 0.0, 0.0, 0.0, 0.0, 1.0, 0.0, 0.0, 0.0], [0.004881669767200947, 0.0017355479067191482, 0.003952807281166315, 0.003662601811811328, 0.0, 0.0, 1.0, 0.004797213710844517, 0.009724283590912819], [0.016293497756123543, 0.019402971491217613, 0.06301317363977432, 0.036077991127967834, 0.0, 0.0, 0.004797213710844517, 1.0, 0.10134105384349823], [0.023760342970490456, 0.02707122080028057, 0.07793044298887253, 0.06009542942047119, 0.0, 0.0, 0.009724283590912819, 0.10134105384349823, 1.0]], [[1.0, 0.004687500186264515, 0.014218750409781933, 0.02578124962747097, 0.0, 0.0, 0.008671875111758709, 0.0037499999161809683, 0.022812500596046448], [0.004687500186264515, 1.0, 0.03804687410593033, 0.056132812052965164, 0.0, 0.0, 0.015703124925494194, 0.019999999552965164, 0.04878906160593033], [0.014218750409781933, 0.03804687410593033, 1.0, 0.1848437488079071, 0.0, 0.0, 0.0732421875, 0.1431249976158142, 0.30070313811302185], [0.02578124962747097, 0.056132812052965164, 0.1848437488079071, 1.0, 0.0, 0.0, 0.08695312589406967, 0.11687500029802322, 0.29808592796325684], [0.0, 0.0, 0.0, 0.0, 1.0, 0.0, 0.0, 0.0, 0.0], [0.0, 0.0, 0.0, 0.0, 0.0, 1.0, 0.0, 0.0, 0.0], [0.008671875111758709, 0.015703124925494194, 0.0732421875, 0.08695312589406967, 0.0, 0.0, 1.0, 0.047187499701976776, 0.11031249910593033], [0.0037499999161809683, 0.019999999552965164, 0.1431249976158142, 0.11687500029802322, 0.0, 0.0, 0.047187499701976776, 1.0, 0.14624999463558197], [0.022812500596046448, 0.04878906160593033, 0.30070313811302185, 0.29808592796325684, 0.0, 0.0, 0.11031249910593033, 0.14624999463558197, 1.0]]], "injected_nodes": [0, 1, 2, 3, 6, 7, 8], "drift_ratios": [1.0024434781234923, 1.18696795074953, 1.0015905723237521, 1.4976119857259023, 1.0323164615921756, 1.0621976420425587, 1.0575602526406922, 0.7713626117454323, 0.8322787809710486], "statuses": ["Healthy", "Minor", "Healthy", "Moderate", "Healthy", "Healthy", "Healthy", "Healthy", "Healthy"], "health_history": {"Computer_Site": [65.91943179186936, 65.36811957047058, 65.29081356607166, 65.17427280782954, 65.33703561753512, 66.33828460483213, 66.08282029848672, 65.45105056918015, 61.6949480624479, 61.01003385564377, 60.91931408132993, 59.15150894971542, 57.616417031386234, 58.15001303186461, 58.14248374260503, 57.9872983526907, 62.70379748848608, 60.39469128606141, 60.04621786619984, 62.1897131870228], "Dishwasher": [63.259279504207264, 67.67774318384517, 67.17394991890879, 66.8278897274301, 67.01585047232484, 61.827946571920315, 63.619276982653666, 61.43922090792473, 61.94786389548077, 61.04853873589411, 61.18607973994005, 61.2230569863937, 60.909517131173025, 65.47245268791534, 62.56857173515937, 64.20347215211086, 61.77195191628442, 60.278278896896595, 59.882799880841866, 56.279784577134215], "Freezer": [40.24723021856559, 38.306233176173045, 35.811287484689416, 33.78110140517542, 37.69667631319732, 48.80011059522072, 57.920687645643135, 64.10799633487846, 68.60776809220954, 71.8641023036343, 74.5016557458978, 76.55425874342545, 76.77870033812503, 76.63353392719708, 76.48789397319695, 76.3399575898898, 74.6687782614197, 70.58769750374061, 67.77425336132839, 63.221465147357186], "Fridge": [68.35200875705486, 67.93180729555618, 60.848730661850674, 57.42888944324496, 64.33835122991334, 69.72729444746861, 66.40977664497859, 58.991048920506664, 50.7727378309322, 55.280945621654105, 61.745313056652975, 64.22894339112364, 61.098279450542805, 54.31708335026953, 54.8479147134692, 60.880849663148986, 62.13695322536496, 55.37763913562605, 48.26927996850265, 46.65933606030473], "Kettle": [65.29361652840305, 65.0225560724503, 64.38958442271631, 64.22114651932068, 63.88405213174292, 63.92421691461502, 63.37538985404325, 63.42802951561709, 63.137733950452244, 63.186148467957125, 62.843440835645616, 62.409569241491994, 62.092651888577436, 62.12774199174643, 61.783709354254896, 61.44176788140122, 61.249763814446545, 61.169686630641394, 61.819520548678334, 61.7333276096715], "Microwave": [64.17733750755656, 63.54477944202843, 63.56157313698599, 62.6754940567498, 62.240964699884316, 62.082565733471014, 63.07461820677872, 62.56249606797088, 62.21740419254806, 61.89039715099643, 62.15269613250116, 62.36038060464013, 62.20588394447872, 61.908388649524476, 61.3571101119933, 61.089157675417496, 61.325731658532824, 60.501127235384246, 60.3864358768081, 59.69458986794627], "Television_Site": [63.893598366549405, 64.9896317261038, 65.01067106757839, 66.21541766267009, 64.31122430919416, 64.77780577483723, 64.1608279170324, 64.58121589644895, 64.03987995543382, 64.06577197282515, 64.15192691285088, 63.02058867412696, 64.73154913734878, 64.4730311372615, 64.87234321394654, 64.60985997936018, 64.19249328926439, 63.49939489457944, 63.24076721072144, 62.2105175235944], "Tumble_Dryer": [57.04780985943525, 52.354623728795765, 46.92292324117957, 39.49407262736023, 27.94319627172338, 22.445758164030977, 28.751137927625322, 35.11784793141966, 43.10051712730267, 49.07776524593797, 53.312606001201, 59.36374887052986, 65.60744744760694, 68.72376854122903, 70.65973702612328, 65.27680542989201, 65.13575030378198, 64.99051227697164, 64.84317173393629, 64.69520517855122], "Washing_Machine": [62.20010789309641, 66.08575807584361, 66.40973498164733, 67.10723841079266, 67.33452535859786, 67.62514440604483, 64.90367462231217, 58.48823744871163, 51.2445085312147, 46.36210853410583, 46.44392474920666, 47.17604736411979, 47.51146124993153, 48.16097400553014, 52.09207094867482, 58.59614826039212, 64.46003459296716, 68.98073123968572, 68.15956457843993, 67.42248877330027]}, "added_edges": [{"name": "Computer_Site \u2194 Freezer", "from_node": 0, "to_node": 2, "baseline": 0.02153921313583851, "current": 0.1111111119389534, "increase": 0.08957190066576004}, {"name": "Dishwasher \u2194 Freezer", "from_node": 1, "to_node": 2, "baseline": 0.05789551883935928, "current": 0.21848739683628082, "increase": 0.16059187054634094}], "removed_edges": [{"name": "Freezer \u2194 Tumble_Dryer", "from_node": 2, "to_node": 7, "baseline": 0.18837855756282806, "current": 0.0, "decrease": 0.18837855756282806}, {"name": "Fridge \u2194 Tumble_Dryer", "from_node": 3, "to_node": 7, "baseline": 0.1490618884563446, "current": 0.0, "decrease": 0.1490618884563446}, {"name": "Fridge \u2194 Washing_Machine", "from_node": 3, "to_node": 8, "baseline": 0.36964643001556396, "current": 0.23529411852359772, "decrease": 0.13435231149196625}, {"name": "Tumble_Dryer \u2194 Washing_Machine", "from_node": 7, "to_node": 8, "baseline": 0.16768907010555267, "current": 0.0, "decrease": 0.16768907010555267}], "edge_changes": [{"name": "Freezer \u2194 Tumble_Dryer", "from_node": 2, "to_node": 7, "baseline": 0.18837855756282806, "current": 0.0, "delta": -0.18837855756282806}, {"name": "Tumble_Dryer \u2194 Washing_Machine", "from_node": 7, "to_node": 8, "baseline": 0.16768907010555267, "current": 0.0, "delta": -0.16768907010555267}, {"name": "Dishwasher \u2194 Freezer", "from_node": 1, "to_node": 2, "baseline": 0.05789551883935928, "current": 0.21848739683628082, "delta": 0.16059187054634094}, {"name": "Fridge \u2194 Tumble_Dryer", "from_node": 3, "to_node": 7, "baseline": 0.1490618884563446, "current": 0.0, "delta": -0.1490618884563446}, {"name": "Fridge \u2194 Washing_Machine", "from_node": 3, "to_node": 8, "baseline": 0.36964643001556396, "current": 0.23529411852359772, "delta": -0.13435231149196625}, {"name": "Computer_Site \u2194 Freezer", "from_node": 0, "to_node": 2, "baseline": 0.02153921313583851, "current": 0.1111111119389534, "delta": 0.08957190066576004}, {"name": "Dishwasher \u2194 Fridge", "from_node": 1, "to_node": 3, "baseline": 0.11020562052726746, "current": 0.18705035746097565, "delta": 0.07684473693370819}, {"name": "Television_Site \u2194 Tumble_Dryer", "from_node": 6, "to_node": 7, "baseline": 0.07059171050786972, "current": 0.0, "delta": -0.07059171050786972}, {"name": "Freezer \u2194 Television_Site", "from_node": 2, "to_node": 6, "baseline": 0.10827486217021942, "current": 0.1679999977350235, "delta": 0.05972513556480408}, {"name": "Computer_Site \u2194 Fridge", "from_node": 0, "to_node": 3, "baseline": 0.05181090906262398, "current": 0.09375, "delta": 0.04193909093737602}], "isolated_nodes": [4, 5], "connected_nodes": [0, 1, 2, 3, 6, 7, 8], "connectivity_threshold": 0.05}