{"house_id": 3, "timestamp": "2026-07-01 11:46:16", "graph_drift": 0.04380643367767334, "appliances": [{"name": "Dishwasher", "icon": "fa-soap", "health": 63.54253286808254, "severity": "Healthy", "confidence": 0.98, "rul": 120, "root_cause": "Normal Operation", "recommendations": ["General preventative maintenance check"], "drift_ratio": 1.0121579830884513, "normal_error": 0.1393415331840515, "faulty_error": 0.14103564620018005}, {"name": "Freezer", "icon": "fa-snowflake", "health": 72.65259135854797, "severity": "Healthy", "confidence": 0.98, "rul": 90, "root_cause": "Normal Operation", "recommendations": ["General preventative maintenance check"], "drift_ratio": 0.5947272999549037, "normal_error": 0.290604829788208, "faulty_error": 0.17283062636852264}, {"name": "Fridge_Freezer", "icon": "fa-snowflake", "health": 62.30268028987724, "severity": "Critical", "confidence": 0.85, "rul": 79, "root_cause": "Compressor electrical motor wear", "recommendations": ["Clean dust from condenser coils.", "Verify condenser fan is rotating freely.", "Check compressor current draw against rated plate value."], "drift_ratio": 1.7913753328969084, "normal_error": 0.1530262678861618, "faulty_error": 0.2741274833679199}, {"name": "Kettle", "icon": "fa-mug-hot", "health": 62.058900608417325, "severity": "Healthy", "confidence": 0.98, "rul": 120, "root_cause": "Normal Operation", "recommendations": ["General preventative maintenance check"], "drift_ratio": 1.0386779677702613, "normal_error": 0.12887713313102722, "faulty_error": 0.13386183977127075}, {"name": "Microwave", "icon": "fa-temperature-arrow-up", "health": 60.41029698115653, "severity": "Healthy", "confidence": 0.98, "rul": 91, "root_cause": "Normal Operation", "recommendations": ["General preventative maintenance check"], "drift_ratio": 1.0655722709151405, "normal_error": 0.14145635068416595, "faulty_error": 0.15073196589946747}, {"name": "Television", "icon": "fa-tv", "health": 62.76277652171952, "severity": "Healthy", "confidence": 0.98, "rul": 120, "root_cause": "Normal Operation", "recommendations": ["General preventative maintenance check"], "drift_ratio": 1.0497082849205814, "normal_error": 0.15402112901210785, "faulty_error": 0.1616772562265396}, {"name": "Toaster", "icon": "fa-plug", "health": 67.65680006443597, "severity": "Healthy", "confidence": 0.98, "rul": 120, "root_cause": "Normal Operation", "recommendations": ["General preventative maintenance check"], "drift_ratio": 0.9490559603567773, "normal_error": 0.24242040514945984, "faulty_error": 0.23007053136825562}, {"name": "Tumble_Dryer", "icon": "fa-soap", "health": 45.71126402190687, "severity": "Moderate", "confidence": 0.92, "rul": 5, "root_cause": "Bearing wear & Mechanical friction", "recommendations": ["Inspect motor and drum bearing assemblies for noise.", "Lubricate rotating bearings if serviceable.", "Check belt tension and alignment."], "drift_ratio": 1.3408081949646342, "normal_error": 0.33460137248039246, "faulty_error": 0.4486362636089325}, {"name": "Washing_Machine", "icon": "fa-soap", "health": 59.331977996881676, "severity": "Minor", "confidence": 0.8, "rul": 76, "root_cause": "Standby board current leakage", "recommendations": ["Perform general physical inspection.", "Check for standard utility connection tightness.", "Update control firmware if applicable."], "drift_ratio": 1.2427418719106256, "normal_error": 0.1306961178779602, "faulty_error": 0.16242153942584991}], "appliance_names": ["Dishwasher", "Freezer", "Fridge_Freezer", "Kettle", "Microwave", "Television", "Toaster", "Tumble_Dryer", "Washing_Machine"], "mean_adjacency": [[[1.0, 0.058631718158721924, 0.056552328169345856, 0.0, 0.0, 0.043795015662908554, 0.11250460147857666, 0.03936884552240372, 0.06203566491603851], [0.058631718158721924, 1.0, 0.18103452026844025, 0.0, 0.0, 0.11082959920167923, 0.29339393973350525, 0.3544454276561737, 0.05386372655630112], [0.056552328169345856, 0.18103452026844025, 1.0, 0.0, 0.0, 0.11643154919147491, 0.3109655976295471, 0.30816569924354553, 0.04523804783821106], [0.0, 0.0, 0.0, 1.0, 0.0, 0.0, 0.0, 0.0, 0.0], [0.0, 0.0, 0.0, 0.0, 1.0, 0.0, 0.0, 0.0, 0.0], [0.043795015662908554, 0.11082959920167923, 0.11643154919147491, 0.0, 0.0, 1.0, 0.1514989584684372, 0.1368560642004013, 0.041664447635412216], [0.11250460147857666, 0.29339393973350525, 0.3109655976295471, 0.0, 0.0, 0.1514989584684372, 1.0, 0.4079712927341461, 0.06589093804359436], [0.03936884552240372, 0.3544454276561737, 0.30816569924354553, 0.0, 0.0, 0.1368560642004013, 0.4079712927341461, 1.0, 0.06842609494924545], [0.06203566491603851, 0.05386372655630112, 0.04523804783821106, 0.0, 0.0, 0.041664447635412216, 0.06589093804359436, 0.06842609494924545, 1.0]], [[1.0, 0.5183863639831543, 0.5366076231002808, 0.49161335825920105, 0.48303237557411194, 0.49549877643585205, 0.5700123310089111, 0.45261305570602417, 0.534991443157196], [0.5183863639831543, 1.0, 0.49541938304901123, 0.5070016384124756, 0.5050687789916992, 0.5067362189292908, 0.4825071692466736, 0.5313110947608948, 0.5298589468002319], [0.5366076231002808, 0.49541938304901123, 1.0, 0.5093479752540588, 0.5155895948410034, 0.5011255145072937, 0.5240560173988342, 0.46161770820617676, 0.4966335892677307], [0.49161335825920105, 0.5070016384124756, 0.5093479752540588, 1.0, 0.5117372870445251, 0.511031448841095, 0.4880380928516388, 0.5146318674087524, 0.5042554140090942], [0.48303237557411194, 0.5050687789916992, 0.5155895948410034, 0.5117372870445251, 1.0, 0.5068352222442627, 0.48859310150146484, 0.512608528137207, 0.4990413188934326], [0.49549877643585205, 0.5067362189292908, 0.5011255145072937, 0.511031448841095, 0.5068352222442627, 1.0, 0.5180190801620483, 0.5175285935401917, 0.4992363452911377], [0.5700123310089111, 0.4825071692466736, 0.5240560173988342, 0.4880380928516388, 0.48859310150146484, 0.5180190801620483, 1.0, 0.5734858512878418, 0.5055553913116455], [0.45261305570602417, 0.5313110947608948, 0.46161770820617676, 0.5146318674087524, 0.512608528137207, 0.5175285935401917, 0.5734858512878418, 1.0, 0.505114734172821], [0.534991443157196, 0.5298589468002319, 0.4966335892677307, 0.5042554140090942, 0.4990413188934326, 0.4992363452911377, 0.5055553913116455, 0.505114734172821, 1.0]], [[1.0, 0.025273635983467102, 0.02207287773489952, 0.0, 0.0, 0.00286824069917202, 0.04343452677130699, 0.029746271669864655, 0.017304830253124237], [0.025273635983467102, 1.0, 0.07751455157995224, 0.0, 0.0, 0.0036015287041664124, 0.05736423283815384, 0.06999412924051285, 0.011377177201211452], [0.02207287773489952, 0.07751455157995224, 1.0, 0.0, 0.0, 0.001627899007871747, 0.052518680691719055, 0.09946242719888687, 0.02445146068930626], [0.0, 0.0, 0.0, 1.0, 0.0, 0.0, 0.0, 0.0, 0.0], [0.0, 0.0, 0.0, 0.0, 1.0, 0.0, 0.0, 0.0, 0.0], [0.00286824069917202, 0.0036015287041664124, 0.001627899007871747, 0.0, 0.0, 1.0, 0.0032726572826504707, 0.004547379910945892, 0.0015761792892590165], [0.04343452677130699, 0.05736423283815384, 0.052518680691719055, 0.0, 0.0, 0.0032726572826504707, 1.0, 0.07551980763673782, 0.024458518251776695], [0.029746271669864655, 0.06999412924051285, 0.09946242719888687, 0.0, 0.0, 0.004547379910945892, 0.07551980763673782, 1.0, 0.01387337688356638], [0.017304830253124237, 0.011377177201211452, 0.02445146068930626, 0.0, 0.0, 0.0015761792892590165, 0.024458518251776695, 0.01387337688356638, 1.0]], [[1.0, 0.03994845226407051, 0.03865979239344597, 0.0, 0.0, 0.010671714320778847, 0.05851320922374725, 0.029075386002659798, 0.012242267839610577], [0.03994845226407051, 1.0, 0.16333763301372528, 0.0, 0.0, 0.08122583478689194, 0.24838916957378387, 0.31471487879753113, 0.03253865987062454], [0.03865979239344597, 0.16333763301372528, 1.0, 0.0, 0.0, 0.08581668883562088, 0.2615576684474945, 0.2777867317199707, 0.037371132522821426], [0.0, 0.0, 0.0, 1.0, 0.0, 0.0, 0.0, 0.0, 0.0], [0.0, 0.0, 0.0, 0.0, 1.0, 0.0, 0.0, 0.0, 0.0], [0.010671714320778847, 0.08122583478689194, 0.08581668883562088, 0.0, 0.0, 1.0, 0.08807184547185898, 0.10067654401063919, 0.012242267839610577], [0.05851320922374725, 0.24838916957378387, 0.2615576684474945, 0.0, 0.0, 0.08807184547185898, 1.0, 0.3282860815525055, 0.03833762928843498], [0.029075386002659798, 0.31471487879753113, 0.2777867317199707, 0.0, 0.0, 0.10067654401063919, 0.3282860815525055, 1.0, 0.04671391844749451], [0.012242267839610577, 0.03253865987062454, 0.037371132522821426, 0.0, 0.0, 0.012242267839610577, 0.03833762928843498, 0.04671391844749451, 1.0]]], "injected_nodes": [0, 1, 2, 5, 7, 8], "drift_ratios": [1.0121579830884513, 0.5947272999549037, 1.7913753328969084, 1.0386779677702613, 1.0655722709151405, 1.0497082849205814, 0.9490559603567773, 1.3408081949646342, 1.2427418719106256], "statuses": ["Healthy", "Healthy", "Critical", "Healthy", "Healthy", "Healthy", "Healthy", "Moderate", "Minor"], "health_history": {"Dishwasher": [63.37861809298021, 66.18366235698, 64.45845491931529, 61.443342126505506, 59.096773119979886, 59.28931154253688, 62.859582885932355, 63.04562311265352, 63.06722855452853, 61.68424530716244, 63.80837725682303, 59.48785511465406, 59.31493454117345, 59.139575699782895, 58.9470372772259, 58.760515560001195, 58.57016888221633, 64.5421302649831, 64.28555360545482, 63.54253286808254], "Freezer": [57.67157532650991, 48.96411772106748, 38.56991779791442, 40.16580284590226, 44.75089536875498, 51.6398494599682, 50.27683479623582, 46.644284098284864, 45.74709508554928, 49.609040701529224, 48.27957819817872, 43.99969951600007, 41.39620748825745, 33.832083957455396, 38.260092008842115, 49.92299272255292, 56.65698912014022, 61.24991205231326, 65.83002951835603, 72.65259135854797], "Fridge_Freezer": [73.17921607113276, 76.49300278088774, 79.04900639431229, 80.77683996825917, 82.0857658006792, 82.11914678131528, 82.05138277587301, 81.98226221983644, 81.90980766407644, 81.83859080704596, 81.76478379903182, 81.6896981088865, 81.61131325490913, 81.53263332043996, 81.45270339222074, 80.1507099021882, 76.39364057278074, 71.33697733150679, 66.32347575967037, 62.30268028987724], "Kettle": [64.38700756282309, 64.49012026647796, 64.49069043994373, 64.58830624903783, 64.10426909991361, 63.86231282208202, 63.953760198977875, 64.07834098949593, 63.91957513207435, 63.98029649442571, 63.75189767455808, 63.60752552951693, 63.26856796288213, 62.96464438808878, 62.86557780428733, 62.61054977181447, 62.59565346208272, 62.11879838687368, 61.891932700102906, 62.058900608417325], "Microwave": [64.5996009817652, 64.54389998994941, 63.70128550625125, 63.70500751603321, 63.64220300397108, 63.604783303103254, 63.3103414104468, 62.99699984877134, 63.519509749865286, 63.52246465773635, 63.147187444326406, 62.92096674253148, 62.48788292083602, 62.335734518865856, 61.92864214507995, 61.594397056332525, 61.80858286845392, 61.841110337747146, 61.3016028672704, 60.41029698115653], "Television": [65.59581794549001, 65.25282292214393, 65.10827698059634, 64.79635193870266, 65.28801474693273, 65.42622863106513, 65.05531077892235, 65.40215308484967, 64.98310130032317, 65.23765687243244, 63.746912092407264, 64.42600036811733, 64.10903370435759, 63.493152746487866, 63.56415415776446, 64.45903002695945, 64.04376031683488, 63.38042839645983, 64.00925146192449, 62.76277652171952], "Toaster": [62.59776290261882, 68.3571998880121, 69.77779118448349, 66.44257567535495, 61.32424735749117, 65.58195105484066, 70.52372562715888, 69.27542516277364, 63.33935482951959, 61.47994529645106, 66.10836954453126, 65.99902319580043, 66.27606439031277, 65.65825825316281, 65.16658198446686, 65.61645027929416, 66.67596547396214, 65.65668924963401, 64.9436326579391, 67.65680006443597], "Tumble_Dryer": [51.64942895026839, 44.21544128802817, 46.240280174334316, 53.561292337006776, 60.140334561396884, 66.22710552961823, 70.98915609029255, 74.94913542025158, 75.26004794759973, 75.2172462201244, 74.20851244622015, 69.08525187384005, 62.73987819476209, 56.27334264704116, 48.532189434311434, 40.770602755863614, 46.87263571259872, 47.04108378005844, 45.98102832407967, 45.71126402190687], "Washing_Machine": [70.08291781708525, 62.07195073270289, 61.947949722487344, 61.817714149670024, 68.40373296208024, 68.33702948500387, 67.97686876536744, 67.58141616802291, 67.75586825872995, 65.33573119610588, 65.16111867081364, 64.70612245613708, 65.61149959288791, 65.71168539479277, 65.79727164944401, 65.95167687907423, 65.51559329026747, 59.67017783352942, 59.50644501173616, 59.331977996881676]}, "added_edges": [{"name": "Fridge_Freezer \u2194 Toaster", "from_node": 2, "to_node": 6, "baseline": 0.3109655976295471, "current": 0.4065934121608734, "increase": 0.0956278145313263}, {"name": "Fridge_Freezer \u2194 Tumble_Dryer", "from_node": 2, "to_node": 7, "baseline": 0.30816569924354553, "current": 0.47600001096725464, "increase": 0.1678343117237091}], "removed_edges": [{"name": "Dishwasher \u2194 Toaster", "from_node": 0, "to_node": 6, "baseline": 0.11250460147857666, "current": 0.0, "decrease": 0.11250460147857666}, {"name": "Freezer \u2194 Fridge_Freezer", "from_node": 1, "to_node": 2, "baseline": 0.18103452026844025, "current": 0.0, "decrease": 0.18103452026844025}, {"name": "Freezer \u2194 Toaster", "from_node": 1, "to_node": 6, "baseline": 0.29339393973350525, "current": 0.1428571492433548, "decrease": 0.15053679049015045}], "edge_changes": [{"name": "Freezer \u2194 Fridge_Freezer", "from_node": 1, "to_node": 2, "baseline": 0.18103452026844025, "current": 0.0, "delta": -0.18103452026844025}, {"name": "Fridge_Freezer \u2194 Tumble_Dryer", "from_node": 2, "to_node": 7, "baseline": 0.30816569924354553, "current": 0.47600001096725464, "delta": 0.1678343117237091}, {"name": "Freezer \u2194 Toaster", "from_node": 1, "to_node": 6, "baseline": 0.29339393973350525, "current": 0.1428571492433548, "delta": -0.15053679049015045}, {"name": "Dishwasher \u2194 Toaster", "from_node": 0, "to_node": 6, "baseline": 0.11250460147857666, "current": 0.0, "delta": -0.11250460147857666}, {"name": "Fridge_Freezer \u2194 Toaster", "from_node": 2, "to_node": 6, "baseline": 0.3109655976295471, "current": 0.4065934121608734, "delta": 0.0956278145313263}, {"name": "Tumble_Dryer \u2194 Washing_Machine", "from_node": 7, "to_node": 8, "baseline": 0.06842609494924545, "current": 0.0, "delta": -0.06842609494924545}, {"name": "Toaster \u2194 Washing_Machine", "from_node": 6, "to_node": 8, "baseline": 0.06589093804359436, "current": 0.0, "delta": -0.06589093804359436}, {"name": "Fridge_Freezer \u2194 Television", "from_node": 2, "to_node": 5, "baseline": 0.11643154919147491, "current": 0.1794871836900711, "delta": 0.06305563449859619}, {"name": "Dishwasher \u2194 Washing_Machine", "from_node": 0, "to_node": 8, "baseline": 0.06203566491603851, "current": 0.0, "delta": -0.06203566491603851}, {"name": "Dishwasher \u2194 Freezer", "from_node": 0, "to_node": 1, "baseline": 0.058631718158721924, "current": 0.0, "delta": -0.058631718158721924}], "isolated_nodes": [3, 4], "connected_nodes": [0, 1, 2, 5, 6, 7, 8], "connectivity_threshold": 0.05}