{"house_id": 15, "timestamp": "2026-07-01 11:46:27", "graph_drift": 0.03267931938171387, "appliances": [{"name": "Computer_Site", "icon": "fa-tv", "health": 56.58648787152051, "severity": "Minor", "confidence": 0.72, "rul": 111, "root_cause": "Internal component thermal drift", "recommendations": ["Perform general physical inspection.", "Check for standard utility connection tightness.", "Update control firmware if applicable."], "drift_ratio": 1.1717924673774207, "normal_error": 0.13929344713687897, "faulty_error": 0.1632230132818222}, {"name": "Dishwasher", "icon": "fa-soap", "health": 51.88760396112136, "severity": "Moderate", "confidence": 0.92, "rul": 90, "root_cause": "Bearing wear & Mechanical friction", "recommendations": ["Inspect motor and drum bearing assemblies for noise.", "Lubricate rotating bearings if serviceable.", "Check belt tension and alignment."], "drift_ratio": 1.3183406152826473, "normal_error": 0.2838679254055023, "faulty_error": 0.3742346167564392}, {"name": "Fridge_Freezer", "icon": "fa-snowflake", "health": 40.10192742773492, "severity": "Critical", "confidence": 0.94, "rul": 90, "root_cause": "Compressor efficiency loss & Door Gasket wear", "recommendations": ["Inspect and clean door gasket seals.", "Replace magnetic door gasket strip if cracked.", "Ensure unit is leveled so door closes firmly."], "drift_ratio": 1.6668806791184978, "normal_error": 0.23623846471309662, "faulty_error": 0.3937813341617584}, {"name": "Kettle", "icon": "fa-mug-hot", "health": 57.81672024510442, "severity": "Healthy", "confidence": 0.98, "rul": 45, "root_cause": "Normal Operation", "recommendations": ["General preventative maintenance check"], "drift_ratio": 1.0603823587747445, "normal_error": 0.13827651739120483, "faulty_error": 0.14662598073482513}, {"name": "Microwave", "icon": "fa-temperature-arrow-up", "health": 60.407301938449706, "severity": "Healthy", "confidence": 0.98, "rul": 71, "root_cause": "Normal Operation", "recommendations": ["General preventative maintenance check"], "drift_ratio": 1.047346959486485, "normal_error": 0.13032852113246918, "faulty_error": 0.13649918138980865}, {"name": "Television_Site", "icon": "fa-tv", "health": 62.543612727378196, "severity": "Healthy", "confidence": 0.98, "rul": 57, "root_cause": "Normal Operation", "recommendations": ["General preventative maintenance check"], "drift_ratio": 1.0070893175119477, "normal_error": 0.1286981701850891, "faulty_error": 0.1296105533838272}, {"name": "Toaster", "icon": "fa-plug", "health": 54.9316980860317, "severity": "Healthy", "confidence": 0.98, "rul": 21, "root_cause": "Normal Operation", "recommendations": ["General preventative maintenance check"], "drift_ratio": 1.082351062252213, "normal_error": 0.13763698935508728, "faulty_error": 0.1489715427160263}, {"name": "Tumble_Dryer", "icon": "fa-soap", "health": 39.13702190419129, "severity": "Moderate", "confidence": 0.89, "rul": 90, "root_cause": "Motor windings overheat / Drum Imbalance", "recommendations": ["Re-level appliance feet to damp vibrations.", "Check drum suspension springs and shock dampers.", "Advise user to balance heavy laundry loads."], "drift_ratio": 1.4432571557241964, "normal_error": 0.23016349971294403, "faulty_error": 0.33218511939048767}, {"name": "Washing_Machine", "icon": "fa-soap", "health": 38.65182616964128, "severity": "Moderate", "confidence": 0.89, "rul": 90, "root_cause": "Motor windings overheat / Drum Imbalance", "recommendations": ["Re-level appliance feet to damp vibrations.", "Check drum suspension springs and shock dampers.", "Advise user to balance heavy laundry loads."], "drift_ratio": 1.3761446002504323, "normal_error": 0.25284069776535034, "faulty_error": 0.34794536232948303}], "appliance_names": ["Computer_Site", "Dishwasher", "Fridge_Freezer", "Kettle", "Microwave", "Television_Site", "Toaster", "Tumble_Dryer", "Washing_Machine"], "mean_adjacency": [[[1.0, 0.0767359659075737, 0.051270078867673874, 0.0, 0.0, 0.0, 0.0, 0.09726063162088394, 0.06175276264548302], [0.0767359659075737, 1.0, 0.3505309522151947, 0.0, 0.0, 0.021359758451581, 0.0, 0.25577300786972046, 0.20445594191551208], [0.051270078867673874, 0.3505309522151947, 1.0, 0.0, 0.0, 0.04465677589178085, 0.0, 0.2790907323360443, 0.26872891187667847], [0.0, 0.0, 0.0, 1.0, 0.0, 0.0, 0.0, 0.0, 0.0], [0.0, 0.0, 0.0, 0.0, 1.0, 0.0, 0.0, 0.0, 0.0], [0.0, 0.021359758451581, 0.04465677589178085, 0.0, 0.0, 1.0, 0.0, 0.035200219601392746, 0.03259885311126709], [0.0, 0.0, 0.0, 0.0, 0.0, 0.0, 1.0, 0.0, 0.0], [0.09726063162088394, 0.25577300786972046, 0.2790907323360443, 0.0, 0.0, 0.035200219601392746, 0.0, 1.0, 0.2734816372394562], [0.06175276264548302, 0.20445594191551208, 0.26872891187667847, 0.0, 0.0, 0.03259885311126709, 0.0, 0.2734816372394562, 1.0]], [[1.0, 0.5301048755645752, 0.47963476181030273, 0.49401921033859253, 0.5032066702842712, 0.4771689772605896, 0.5015890598297119, 0.5504171252250671, 0.5573606491088867], [0.5301048755645752, 1.0, 0.5019610524177551, 0.505848228931427, 0.5264685153961182, 0.47718027234077454, 0.5198773145675659, 0.406612753868103, 0.4960235357284546], [0.47963476181030273, 0.5019610524177551, 1.0, 0.5067178010940552, 0.5164766311645508, 0.5123164057731628, 0.5141759514808655, 0.5198549628257751, 0.5272254943847656], [0.49401921033859253, 0.505848228931427, 0.5067178010940552, 1.0, 0.4940231144428253, 0.5278761982917786, 0.5222334861755371, 0.5011545419692993, 0.49976199865341187], [0.5032066702842712, 0.5264685153961182, 0.5164766311645508, 0.4940231144428253, 1.0, 0.5096235275268555, 0.5012500882148743, 0.5178162455558777, 0.5039658546447754], [0.4771689772605896, 0.47718027234077454, 0.5123164057731628, 0.5278761982917786, 0.5096235275268555, 1.0, 0.4900500178337097, 0.4948347806930542, 0.5220610499382019], [0.5015890598297119, 0.5198773145675659, 0.5141759514808655, 0.5222334861755371, 0.5012500882148743, 0.4900500178337097, 1.0, 0.506621778011322, 0.4894492030143738], [0.5504171252250671, 0.406612753868103, 0.5198549628257751, 0.5011545419692993, 0.5178162455558777, 0.4948347806930542, 0.506621778011322, 1.0, 0.5242255330085754], [0.5573606491088867, 0.4960235357284546, 0.5272254943847656, 0.49976199865341187, 0.5039658546447754, 0.5220610499382019, 0.4894492030143738, 0.5242255330085754, 1.0]], [[1.0, 0.032710276544094086, 0.03334697708487511, 0.0, 0.0, 0.003892897628247738, 0.0, 0.04580867663025856, 0.026602070778608322], [0.032710276544094086, 1.0, 0.04207618534564972, 0.0, 0.0, 0.024331796914339066, 0.0, 0.19828613102436066, 0.12083896994590759], [0.03334697708487511, 0.04207618534564972, 1.0, 0.0, 0.0, 0.02752228081226349, 0.0, 0.04095415398478508, 0.03355860337615013], [0.0, 0.0, 0.0, 1.0, 0.0, 0.0, 0.0, 0.0, 0.0], [0.0, 0.0, 0.0, 0.0, 1.0, 0.0, 0.0, 0.0, 0.0], [0.003892897628247738, 0.024331796914339066, 0.02752228081226349, 0.0, 0.0, 1.0, 0.0, 0.022425638511776924, 0.015805507078766823], [0.0, 0.0, 0.0, 0.0, 0.0, 0.0, 1.0, 0.0, 0.0], [0.04580867663025856, 0.19828613102436066, 0.04095415398478508, 0.0, 0.0, 0.022425638511776924, 0.0, 1.0, 0.16232560575008392], [0.026602070778608322, 0.12083896994590759, 0.03355860337615013, 0.0, 0.0, 0.015805507078766823, 0.0, 0.16232560575008392, 1.0]], [[1.0, 0.04490291327238083, 0.027874696999788284, 0.0, 0.0, 0.0, 0.0, 0.04429611563682556, 0.03458737954497337], [0.04490291327238083, 1.0, 0.28746965527534485, 0.0, 0.0, 0.014866504818201065, 0.0, 0.19956007599830627, 0.18253186345100403], [0.027874696999788284, 0.28746965527534485, 1.0, 0.0, 0.0, 0.022451456636190414, 0.0, 0.21101334691047668, 0.207675963640213], [0.0, 0.0, 0.0, 1.0, 0.0, 0.0, 0.0, 0.0, 0.0], [0.0, 0.0, 0.0, 0.0, 1.0, 0.0, 0.0, 0.0, 0.0], [0.0, 0.014866504818201065, 0.022451456636190414, 0.0, 0.0, 1.0, 0.0, 0.022679004818201065, 0.01972087286412716], [0.0, 0.0, 0.0, 0.0, 0.0, 0.0, 1.0, 0.0, 0.0], [0.04429611563682556, 0.19956007599830627, 0.21101334691047668, 0.0, 0.0, 0.022679004818201065, 0.0, 1.0, 0.20255613327026367], [0.03458737954497337, 0.18253186345100403, 0.207675963640213, 0.0, 0.0, 0.01972087286412716, 0.0, 0.20255613327026367, 1.0]]], "injected_nodes": [0, 1, 2, 7, 8], "drift_ratios": [1.1717924673774207, 1.3183406152826473, 1.6668806791184978, 1.0603823587747445, 1.047346959486485, 1.0070893175119477, 1.082351062252213, 1.4432571557241964, 1.3761446002504323], "statuses": ["Minor", "Moderate", "Critical", "Healthy", "Healthy", "Healthy", "Healthy", "Moderate", "Moderate"], "health_history": {"Computer_Site": [60.53024222874063, 62.31106756698377, 63.12078224065449, 62.94748427635566, 65.3883202126264, 65.25847257611734, 65.06802514831888, 64.83560572642266, 64.60838623429568, 64.38923218201657, 64.24038419237203, 63.98542909923503, 63.73163130754057, 63.55848791432482, 63.304999264796514, 63.13611648476821, 62.88610370292865, 62.621474045335304, 62.47735830884967, 59.580708102021674, 56.58648787152051], "Dishwasher": [60.136684671798584, 63.663039931254595, 68.84165234949673, 72.50523672976414, 76.0139079327907, 78.78718407637214, 78.82920358603775, 76.52574172940379, 73.2248864463652, 69.11961828338713, 65.7308848683443, 60.44787119094984, 52.88996486215727, 47.27897525270423, 46.109632107641055, 46.13549822506173, 50.77715019907638, 55.38223098500328, 53.173817818624606, 52.00864712236474, 51.88760396112136], "Fridge_Freezer": [67.00728909512067, 65.1119022354381, 63.85250045643968, 66.1356780109634, 65.14855340638861, 63.89353072833492, 63.63383780258891, 62.761712196736774, 69.51053233842518, 66.13330486464396, 59.36520262578327, 55.86796919987003, 62.76369095197734, 62.73317550890332, 55.40503567142645, 47.84011612323996, 46.76028241574509, 46.962523441053094, 47.6695125156269, 44.26254931446783, 40.10192742773492], "Kettle": [62.04603441537942, 61.855496149708905, 62.06399249473175, 61.91096513723334, 61.64122526830803, 61.312938373907706, 61.45575847742238, 61.544297081591324, 60.89762617254812, 60.96291230061131, 60.59201301452748, 60.057493290477446, 59.77538982621861, 59.59837263533379, 59.313045376452614, 58.76086766031562, 58.624447989475335, 58.455391685044866, 58.25011484768342, 57.692929961175565, 57.81672024510442], "Microwave": [64.23026891083228, 63.33184282161713, 63.76482815493429, 63.83905118653226, 63.48848810396817, 63.40499610796422, 62.88403233189402, 62.38327485500684, 63.11164386585706, 62.54067220068576, 62.259711714676506, 61.86048710925637, 61.449022024844496, 61.000606426696656, 61.19560261656663, 61.23398377950679, 60.49833185654461, 60.97565002637948, 60.66121407787343, 60.70202864112162, 60.407301938449706], "Television_Site": [66.05689484055853, 65.89222572196313, 65.72024448319266, 65.60145913401158, 65.46081278478997, 65.22654287565877, 65.07540850012008, 64.9333346080021, 62.01733385887582, 60.10499481110765, 60.5077298541077, 60.04807396041611, 60.750119317178886, 59.907800107304716, 59.54322761376968, 60.02145663721105, 62.05059151736355, 63.10620243057803, 62.92546645663915, 62.67941662716701, 62.543612727378196], "Toaster": [61.663950007612954, 61.36341685270794, 61.0864156791518, 60.575041381011744, 60.50490976533273, 60.03333697357757, 59.44267071759357, 59.584448651199345, 58.985284735283805, 58.619862818015626, 58.43920752671776, 57.848099482578164, 57.85588036376746, 57.42540288656717, 57.02282568380523, 56.42695714688701, 56.46626276860748, 56.247027650416186, 55.58394870929674, 55.468871910849856, 54.9316980860317], "Tumble_Dryer": [67.31226690135395, 70.29967539386087, 71.79648932843155, 69.59706875701062, 65.86705904981412, 60.03402364864726, 54.97285438672865, 49.55683119211226, 45.20235566398056, 38.36531684625185, 38.01530627358459, 47.1310067458941, 55.40423832225353, 61.51394861751967, 65.40327046930493, 65.66900002498126, 61.35549375311668, 59.55045209926485, 54.30416765124204, 45.6408790507342, 39.13702190419129], "Washing_Machine": [57.36090817359705, 50.06113478927086, 40.80100997856171, 35.1323865467417, 34.356385370969605, 41.3126936357552, 48.28810241702192, 53.73597432260031, 58.47202226232192, 63.47737434789602, 68.84478499938442, 71.36929001619944, 73.34784867493649, 71.71139419109943, 68.22772271556903, 65.01909079544797, 61.87269713322529, 55.82176648617598, 47.88329757832249, 42.61863299258748, 38.65182616964128]}, "added_edges": [{"name": "Dishwasher \u2194 Fridge_Freezer", "from_node": 1, "to_node": 2, "baseline": 0.3505309522151947, "current": 0.5504587292671204, "increase": 0.19992777705192566}, {"name": "Dishwasher \u2194 Tumble_Dryer", "from_node": 1, "to_node": 7, "baseline": 0.25577300786972046, "current": 0.46987950801849365, "increase": 0.2141065001487732}, {"name": "Dishwasher \u2194 Washing_Machine", "from_node": 1, "to_node": 8, "baseline": 0.20445594191551208, "current": 0.6827309131622314, "increase": 0.47827497124671936}, {"name": "Fridge_Freezer \u2194 Washing_Machine", "from_node": 2, "to_node": 8, "baseline": 0.26872891187667847, "current": 0.5101214647293091, "increase": 0.24139255285263062}, {"name": "Tumble_Dryer \u2194 Washing_Machine", "from_node": 7, "to_node": 8, "baseline": 0.2734816372394562, "current": 0.6848739385604858, "increase": 0.41139230132102966}], "removed_edges": [], "edge_changes": [{"name": "Dishwasher \u2194 Washing_Machine", "from_node": 1, "to_node": 8, "baseline": 0.20445594191551208, "current": 0.6827309131622314, "delta": 0.47827497124671936}, {"name": "Tumble_Dryer \u2194 Washing_Machine", "from_node": 7, "to_node": 8, "baseline": 0.2734816372394562, "current": 0.6848739385604858, "delta": 0.41139230132102966}, {"name": "Fridge_Freezer \u2194 Washing_Machine", "from_node": 2, "to_node": 8, "baseline": 0.26872891187667847, "current": 0.5101214647293091, "delta": 0.24139255285263062}, {"name": "Dishwasher \u2194 Tumble_Dryer", "from_node": 1, "to_node": 7, "baseline": 0.25577300786972046, "current": 0.46987950801849365, "delta": 0.2141065001487732}, {"name": "Dishwasher \u2194 Fridge_Freezer", "from_node": 1, "to_node": 2, "baseline": 0.3505309522151947, "current": 0.5504587292671204, "delta": 0.19992777705192566}, {"name": "Computer_Site \u2194 Dishwasher", "from_node": 0, "to_node": 1, "baseline": 0.0767359659075737, "current": 0.140625, "delta": 0.0638890340924263}, {"name": "Computer_Site \u2194 Tumble_Dryer", "from_node": 0, "to_node": 7, "baseline": 0.09726063162088394, "current": 0.1551724076271057, "delta": 0.05791177600622177}, {"name": "Computer_Site \u2194 Washing_Machine", "from_node": 0, "to_node": 8, "baseline": 0.06175276264548302, "current": 0.1189427301287651, "delta": 0.05718996748328209}, {"name": "Computer_Site \u2194 Fridge_Freezer", "from_node": 0, "to_node": 2, "baseline": 0.051270078867673874, "current": 0.0, "delta": -0.051270078867673874}, {"name": "Fridge_Freezer \u2194 Television_Site", "from_node": 2, "to_node": 5, "baseline": 0.04465677589178085, "current": 0.0, "delta": -0.04465677589178085}], "isolated_nodes": [3, 4, 5, 6], "connected_nodes": [0, 1, 2, 7, 8], "connectivity_threshold": 0.05}