{"house_id": 8, "timestamp": "2026-07-01 11:46:20", "graph_drift": 0.00920802354812622, "appliances": [{"name": "Computer", "icon": "fa-tv", "health": 61.7325022939016, "severity": "Healthy", "confidence": 0.98, "rul": 65, "root_cause": "Normal Operation", "recommendations": ["General preventative maintenance check"], "drift_ratio": 1.0161354281526824, "normal_error": 0.14214687049388885, "faulty_error": 0.14444047212600708}, {"name": "Dryer", "icon": "fa-soap", "health": 75.31116758960641, "severity": "Minor", "confidence": 0.8, "rul": 120, "root_cause": "Standby board current leakage", "recommendations": ["Perform general physical inspection.", "Check for standard utility connection tightness.", "Update control firmware if applicable."], "drift_ratio": 1.2486906899554961, "normal_error": 0.13383211195468903, "faulty_error": 0.16711491346359253}, {"name": "Freezer", "icon": "fa-snowflake", "health": 63.46722259553494, "severity": "Minor", "confidence": 0.85, "rul": 10, "root_cause": "Compressor electrical motor wear", "recommendations": ["Clean dust from condenser coils.", "Verify condenser fan is rotating freely.", "Check compressor current draw against rated plate value."], "drift_ratio": 1.2546390205996214, "normal_error": 0.19663861393928528, "faulty_error": 0.24671047925949097}, {"name": "Fridge", "icon": "fa-snowflake", "health": 55.070731726350196, "severity": "Minor", "confidence": 0.94, "rul": 30, "root_cause": "Compressor efficiency loss & Door Gasket wear", "recommendations": ["Inspect and clean door gasket seals.", "Replace magnetic door gasket strip if cracked.", "Ensure unit is leveled so door closes firmly."], "drift_ratio": 1.2585494235148595, "normal_error": 0.2474524974822998, "faulty_error": 0.3114311993122101}, {"name": "Kettle", "icon": "fa-mug-hot", "health": 61.33913313605368, "severity": "Healthy", "confidence": 0.98, "rul": 77, "root_cause": "Normal Operation", "recommendations": ["General preventative maintenance check"], "drift_ratio": 1.0465546660352734, "normal_error": 0.13665665686130524, "faulty_error": 0.1430186629295349}, {"name": "Microwave", "icon": "fa-temperature-arrow-up", "health": 61.40712028685662, "severity": "Healthy", "confidence": 0.98, "rul": 82, "root_cause": "Normal Operation", "recommendations": ["General preventative maintenance check"], "drift_ratio": 1.0368498466890474, "normal_error": 0.13635890185832977, "faulty_error": 0.14138370752334595}, {"name": "Television_Site", "icon": "fa-tv", "health": 61.73633990690537, "severity": "Healthy", "confidence": 0.98, "rul": 90, "root_cause": "Normal Operation", "recommendations": ["General preventative maintenance check"], "drift_ratio": 1.0381921227999023, "normal_error": 0.16915211081504822, "faulty_error": 0.17561239004135132}, {"name": "Toaster", "icon": "fa-plug", "health": 61.41989864689662, "severity": "Healthy", "confidence": 0.98, "rul": 118, "root_cause": "Normal Operation", "recommendations": ["General preventative maintenance check"], "drift_ratio": 1.062819838666731, "normal_error": 0.14643949270248413, "faulty_error": 0.15563879907131195}, {"name": "Washing_Machine", "icon": "fa-soap", "health": 66.74600159957353, "severity": "Healthy", "confidence": 0.98, "rul": 90, "root_cause": "Normal Operation", "recommendations": ["General preventative maintenance check"], "drift_ratio": 0.7282826885447757, "normal_error": 0.3699297606945038, "faulty_error": 0.26941344141960144}], "appliance_names": ["Computer", "Dryer", "Freezer", "Fridge", "Kettle", "Microwave", "Television_Site", "Toaster", "Washing_Machine"], "mean_adjacency": [[[1.0, 0.04446273669600487, 0.06395299732685089, 0.051799263805150986, 0.0, 0.0, 0.043093256652355194, 0.03218156471848488, 0.04559283331036568], [0.04446273669600487, 1.0, 0.31114235520362854, 0.25524798035621643, 0.0, 0.0, 0.12252067774534225, 0.06568659842014313, 0.20736326277256012], [0.06395299732685089, 0.31114235520362854, 1.0, 0.3498067855834961, 0.0, 0.0, 0.13362456858158112, 0.0575321801006794, 0.4869854748249054], [0.051799263805150986, 0.25524798035621643, 0.3498067855834961, 1.0, 0.0, 0.0, 0.14707478880882263, 0.0789080485701561, 0.35032862424850464], [0.0, 0.0, 0.0, 0.0, 1.0, 0.0, 0.0, 0.0, 0.0], [0.0, 0.0, 0.0, 0.0, 0.0, 1.0, 0.0, 0.0, 0.0], [0.043093256652355194, 0.12252067774534225, 0.13362456858158112, 0.14707478880882263, 0.0, 0.0, 1.0, 0.046195659786462784, 0.1331980675458908], [0.03218156471848488, 0.06568659842014313, 0.0575321801006794, 0.0789080485701561, 0.0, 0.0, 0.046195659786462784, 1.0, 0.07649330049753189], [0.04559283331036568, 0.20736326277256012, 0.4869854748249054, 0.35032862424850464, 0.0, 0.0, 0.1331980675458908, 0.07649330049753189, 1.0]], [[1.0, 0.5105376243591309, 0.5349050164222717, 0.49147167801856995, 0.5091575384140015, 0.5186163187026978, 0.5029568672180176, 0.5034897327423096, 0.5083133578300476], [0.5105376243591309, 1.0, 0.5347251892089844, 0.5043511986732483, 0.5067902207374573, 0.51310133934021, 0.5080629587173462, 0.5013840794563293, 0.466012179851532], [0.5349050164222717, 0.5347251892089844, 1.0, 0.4805825352668762, 0.5004212856292725, 0.4933597147464752, 0.49663177132606506, 0.4938383102416992, 0.5863640308380127], [0.49147167801856995, 0.5043511986732483, 0.4805825352668762, 1.0, 0.4827329218387604, 0.5069429278373718, 0.49830561876296997, 0.4947168827056885, 0.5100455284118652], [0.5091575384140015, 0.5067902207374573, 0.5004212856292725, 0.4827329218387604, 1.0, 0.5137708783149719, 0.5035223960876465, 0.4949566125869751, 0.5051679015159607], [0.5186163187026978, 0.51310133934021, 0.4933597147464752, 0.5069429278373718, 0.5137708783149719, 1.0, 0.4934033155441284, 0.5178843140602112, 0.4995104968547821], [0.5029568672180176, 0.5080629587173462, 0.49663177132606506, 0.49830561876296997, 0.5035223960876465, 0.4934033155441284, 1.0, 0.4960644245147705, 0.4988633692264557], [0.5034897327423096, 0.5013840794563293, 0.4938383102416992, 0.4947168827056885, 0.4949566125869751, 0.5178843140602112, 0.4960644245147705, 1.0, 0.5116955637931824], [0.5083133578300476, 0.466012179851532, 0.5863640308380127, 0.5100455284118652, 0.5051679015159607, 0.4995104968547821, 0.4988633692264557, 0.5116955637931824, 1.0]], [[1.0, 0.026521053165197372, 0.030259203165769577, 0.038731273263692856, 0.0, 0.0, 0.0040610674768686295, 0.013133173808455467, 0.013077049516141415], [0.026521053165197372, 1.0, 0.11531877517700195, 0.03449983894824982, 0.0, 0.0, 0.002225274685770273, 0.027810703963041306, 0.09183920174837112], [0.030259203165769577, 0.11531877517700195, 1.0, 0.06210887432098389, 0.0, 0.0, 0.002788957441225648, 0.029300138354301453, 0.14160937070846558], [0.038731273263692856, 0.03449983894824982, 0.06210887432098389, 1.0, 0.0, 0.0, 0.0033254725858569145, 0.0545898973941803, 0.04060577228665352], [0.0, 0.0, 0.0, 0.0, 1.0, 0.0, 0.0, 0.0, 0.0], [0.0, 0.0, 0.0, 0.0, 0.0, 1.0, 0.0, 0.0, 0.0], [0.0040610674768686295, 0.002225274685770273, 0.002788957441225648, 0.0033254725858569145, 0.0, 0.0, 1.0, 0.002421180484816432, 0.003978412132710218], [0.013133173808455467, 0.027810703963041306, 0.029300138354301453, 0.0545898973941803, 0.0, 0.0, 0.002421180484816432, 1.0, 0.026069121435284615], [0.013077049516141415, 0.09183920174837112, 0.14160937070846558, 0.04060577228665352, 0.0, 0.0, 0.003978412132710218, 0.026069121435284615, 1.0]], [[1.0, 0.02812499925494194, 0.03945312649011612, 0.02695312537252903, 0.0, 0.0, 0.010039062239229679, 0.004062499850988388, 0.03375000134110451], [0.02812499925494194, 1.0, 0.25218749046325684, 0.2179296910762787, 0.0, 0.0, 0.08730468899011612, 0.040546875447034836, 0.18187500536441803], [0.03945312649011612, 0.25218749046325684, 1.0, 0.2805859446525574, 0.0, 0.0, 0.09441406279802322, 0.037968751043081284, 0.3936718702316284], [0.02695312537252903, 0.2179296910762787, 0.2805859446525574, 1.0, 0.0, 0.0, 0.0862109363079071, 0.03921874985098839, 0.2924218773841858], [0.0, 0.0, 0.0, 0.0, 1.0, 0.0, 0.0, 0.0, 0.0], [0.0, 0.0, 0.0, 0.0, 0.0, 1.0, 0.0, 0.0, 0.0], [0.010039062239229679, 0.08730468899011612, 0.09441406279802322, 0.0862109363079071, 0.0, 0.0, 1.0, 0.011757812462747097, 0.10125000029802322], [0.004062499850988388, 0.040546875447034836, 0.037968751043081284, 0.03921874985098839, 0.0, 0.0, 0.011757812462747097, 1.0, 0.04765624925494194], [0.03375000134110451, 0.18187500536441803, 0.3936718702316284, 0.2924218773841858, 0.0, 0.0, 0.10125000029802322, 0.04765624925494194, 1.0]]], "injected_nodes": [0, 1, 2, 3, 6, 8], "drift_ratios": [1.0161354281526824, 1.2486906899554961, 1.2546390205996214, 1.2585494235148595, 1.0465546660352734, 1.0368498466890474, 1.0381921227999023, 1.062819838666731, 0.7282826885447757], "statuses": ["Healthy", "Minor", "Minor", "Minor", "Healthy", "Healthy", "Healthy", "Healthy", "Healthy"], "health_history": {"Computer": [62.51500283890309, 63.847980549388346, 64.06707470124799, 64.41360563747489, 64.41225547080035, 63.97653062908371, 65.72350023525271, 65.5586812045666, 62.90824480464154, 61.22487120712717, 61.2424194260402, 61.46854470903237, 60.677358881329276, 60.528658945766175, 60.482011081946986, 58.57538624044352, 60.016397024169486, 62.394123442975555, 61.66490315949266, 61.7325022939016], "Dryer": [81.25351087273408, 77.0817712790891, 77.00085100792276, 76.91809694313648, 76.83262631013052, 76.7455134081684, 76.6552458528361, 76.56529310241095, 76.4733590623604, 76.37928963238029, 76.28256747573509, 76.18406215842704, 76.08304940902643, 75.9794191558874, 75.87333650647874, 75.7644866558933, 75.65395931342502, 75.5418535435552, 75.42808349040007, 75.31116758960641], "Freezer": [63.53523531068889, 69.22247563061586, 71.93113943727538, 74.45646922546551, 76.94342698249298, 79.26554608420263, 79.71332716688835, 79.59560292269103, 79.47940561613402, 79.3572814967131, 76.85967048112018, 72.3983955945466, 68.53538679084642, 65.4518046295646, 61.063712421860565, 56.19320500834664, 49.47642257134225, 47.61765402051176, 55.9382020093043, 63.46722259553494], "Fridge": [63.0697982202374, 60.83689476535115, 59.14890916573201, 61.20230875082655, 60.91032152195721, 62.95860040983206, 61.76588211007035, 63.42667771034666, 64.08049529653641, 59.093153329002455, 57.97992837172169, 59.60723521411039, 59.62208996549076, 54.83234628777291, 52.994420138330625, 58.7362695393993, 60.8263739038091, 60.343093592909256, 56.004809671831886, 55.070731726350196], "Kettle": [64.77223255024073, 64.62853452667866, 64.63321919342204, 64.4023694504624, 64.31122589551654, 63.92149223594028, 63.929020733054074, 63.77515984260164, 63.550650310694515, 63.19343943640277, 62.85541837497893, 62.77345483336765, 62.52068020555496, 62.16812982947652, 61.98541171413205, 62.16054091103758, 61.54291412534573, 61.42506837277154, 61.35733606727745, 61.33913313605368], "Microwave": [64.75470818611512, 64.96355415199568, 64.26097020940118, 64.20876380231039, 63.822843140185896, 64.21539383297326, 63.21735457302297, 63.21676478501922, 62.409881918340396, 62.465936183717744, 62.073531921055455, 61.939308373911764, 61.829327147474054, 61.86914393898257, 61.94074013513467, 61.72654540218559, 61.703832462785904, 62.030379776698126, 61.49370116580751, 61.40712028685662], "Television_Site": [63.310032891399295, 62.77696852045847, 60.8172281386481, 62.05076356715431, 62.30336224094634, 62.965281156447375, 62.01039972766097, 62.6227047571181, 63.57700501414861, 63.69746665932897, 64.40194423056349, 64.80013454613164, 64.61338035954401, 64.71755620848091, 63.947581554387696, 63.89975014484651, 63.36989682902625, 62.36043395672933, 62.59689618567886, 61.73633990690537], "Toaster": [65.16750935511986, 67.16738184742545, 64.32178465265383, 64.26754955771969, 63.91477211360921, 63.76518697163907, 63.14656780461743, 63.34023396701555, 62.29971281957632, 62.71105072102425, 65.53330351751325, 65.30258920404319, 64.93416510310911, 63.13789491740737, 62.34204301013309, 62.75344739879132, 62.979618419557646, 62.60757445939619, 62.78645460497067, 61.41989864689662], "Washing_Machine": [43.33981270231475, 46.07658280125185, 46.64357356879479, 46.1704552987179, 45.47582309579056, 45.85320017336193, 45.5281391998292, 48.563716578407615, 53.03258305227498, 50.398616930244636, 49.63043980620603, 50.26431367061513, 49.52720911940837, 50.87107306428392, 57.61031572632682, 60.86713482627353, 62.827138425350746, 67.22946758450493, 67.75960680302109, 66.74600159957353]}, "added_edges": [], "removed_edges": [{"name": "Dryer \u2194 Freezer", "from_node": 1, "to_node": 2, "baseline": 0.31114235520362854, "current": 0.0, "decrease": 0.31114235520362854}, {"name": "Dryer \u2194 Fridge", "from_node": 1, "to_node": 3, "baseline": 0.25524798035621643, "current": 0.0, "decrease": 0.25524798035621643}, {"name": "Dryer \u2194 Television_Site", "from_node": 1, "to_node": 6, "baseline": 0.12252067774534225, "current": 0.0, "decrease": 0.12252067774534225}, {"name": "Dryer \u2194 Washing_Machine", "from_node": 1, "to_node": 8, "baseline": 0.20736326277256012, "current": 0.0, "decrease": 0.20736326277256012}, {"name": "Freezer \u2194 Washing_Machine", "from_node": 2, "to_node": 8, "baseline": 0.4869854748249054, "current": 0.2688679099082947, "decrease": 0.21811756491661072}], "edge_changes": [{"name": "Dryer \u2194 Freezer", "from_node": 1, "to_node": 2, "baseline": 0.31114235520362854, "current": 0.0, "delta": -0.31114235520362854}, {"name": "Dryer \u2194 Fridge", "from_node": 1, "to_node": 3, "baseline": 0.25524798035621643, "current": 0.0, "delta": -0.25524798035621643}, {"name": "Freezer \u2194 Washing_Machine", "from_node": 2, "to_node": 8, "baseline": 0.4869854748249054, "current": 0.2688679099082947, "delta": -0.21811756491661072}, {"name": "Dryer \u2194 Washing_Machine", "from_node": 1, "to_node": 8, "baseline": 0.20736326277256012, "current": 0.0, "delta": -0.20736326277256012}, {"name": "Dryer \u2194 Television_Site", "from_node": 1, "to_node": 6, "baseline": 0.12252067774534225, "current": 0.0, "delta": -0.12252067774534225}, {"name": "Freezer \u2194 Fridge", "from_node": 2, "to_node": 3, "baseline": 0.3498067855834961, "current": 0.4193548262119293, "delta": 0.06954804062843323}, {"name": "Dryer \u2194 Toaster", "from_node": 1, "to_node": 7, "baseline": 0.06568659842014313, "current": 0.0, "delta": -0.06568659842014313}, {"name": "Computer \u2194 Fridge", "from_node": 0, "to_node": 3, "baseline": 0.051799263805150986, "current": 0.0, "delta": -0.051799263805150986}, {"name": "Fridge \u2194 Washing_Machine", "from_node": 3, "to_node": 8, "baseline": 0.35032862424850464, "current": 0.3016759753227234, "delta": -0.04865264892578125}, {"name": "Computer \u2194 Washing_Machine", "from_node": 0, "to_node": 8, "baseline": 0.04559283331036568, "current": 0.0, "delta": -0.04559283331036568}], "isolated_nodes": [4, 5], "connected_nodes": [0, 1, 2, 3, 6, 7, 8], "connectivity_threshold": 0.05}