{"house_id": 1, "timestamp": "2026-07-01 11:58:39", "graph_drift": 0.04046952724456787, "appliances": [{"name": "Chest_Freezer", "icon": "fa-snowflake", "health": 4.200696560877432, "severity": "Minor", "confidence": 0.94, "rul": 90, "root_cause": "Compressor efficiency loss & Door Gasket wear", "recommendations": ["Inspect and clean door gasket seals.", "Replace magnetic door gasket strip if cracked.", "Ensure unit is leveled so door closes firmly."], "drift_ratio": 1.2274835977063738, "normal_error": 0.11267756670713425, "faulty_error": 0.13830986618995667}, {"name": "Computer_Site", "icon": "fa-tv", "health": 0.0, "severity": "Minor", "confidence": 0.72, "rul": 90, "root_cause": "Internal component thermal drift", "recommendations": ["Perform general physical inspection.", "Check for standard utility connection tightness.", "Update control firmware if applicable."], "drift_ratio": 1.2750268485055822, "normal_error": 0.10826250910758972, "faulty_error": 0.13803760707378387}, {"name": "Dishwasher", "icon": "fa-soap", "health": 0.0, "severity": "Moderate", "confidence": 0.89, "rul": 90, "root_cause": "Motor windings overheat / Drum Imbalance", "recommendations": ["Re-level appliance feet to damp vibrations.", "Check drum suspension springs and shock dampers.", "Advise user to balance heavy laundry loads."], "drift_ratio": 1.4078316909785422, "normal_error": 0.08938291668891907, "faulty_error": 0.1258361041545868}, {"name": "Electric_Heater", "icon": "fa-plug", "health": 0.0, "severity": "Moderate", "confidence": 0.65, "rul": 90, "root_cause": "Generic hardware degradation", "recommendations": ["Perform general physical inspection.", "Check for standard utility connection tightness.", "Update control firmware if applicable."], "drift_ratio": 1.343874868572742, "normal_error": 0.08309284597635269, "faulty_error": 0.11166638880968094}, {"name": "Fridge", "icon": "fa-snowflake", "health": 11.737196847046533, "severity": "Moderate", "confidence": 0.94, "rul": 90, "root_cause": "Compressor efficiency loss & Door Gasket wear", "recommendations": ["Inspect and clean door gasket seals.", "Replace magnetic door gasket strip if cracked.", "Ensure unit is leveled so door closes firmly."], "drift_ratio": 1.384510854629772, "normal_error": 0.13336697220802307, "faulty_error": 0.18464802205562592}, {"name": "Television_Site", "icon": "fa-tv", "health": 0.0, "severity": "Minor", "confidence": 0.72, "rul": 90, "root_cause": "Internal component thermal drift", "recommendations": ["Perform general physical inspection.", "Check for standard utility connection tightness.", "Update control firmware if applicable."], "drift_ratio": 1.2601596587439043, "normal_error": 0.10579342395067215, "faulty_error": 0.13331660628318787}, {"name": "Tumble_Dryer", "icon": "fa-soap", "health": 0.0, "severity": "Moderate", "confidence": 0.92, "rul": 90, "root_cause": "Bearing wear & Mechanical friction", "recommendations": ["Inspect motor and drum bearing assemblies for noise.", "Lubricate rotating bearings if serviceable.", "Check belt tension and alignment."], "drift_ratio": 1.3063498236397466, "normal_error": 0.13735711574554443, "faulty_error": 0.17943644523620605}, {"name": "Upright_Freezer", "icon": "fa-snowflake", "health": 0.0, "severity": "Healthy", "confidence": 0.98, "rul": 90, "root_cause": "Normal Operation", "recommendations": ["General preventative maintenance check"], "drift_ratio": 1.0450558059177715, "normal_error": 0.13836580514907837, "faulty_error": 0.14459998905658722}, {"name": "Washing_Machine", "icon": "fa-soap", "health": 0.0, "severity": "Moderate", "confidence": 0.92, "rul": 90, "root_cause": "Bearing wear & Mechanical friction", "recommendations": ["Inspect motor and drum bearing assemblies for noise.", "Lubricate rotating bearings if serviceable.", "Check belt tension and alignment."], "drift_ratio": 1.3188113821806426, "normal_error": 0.08705362677574158, "faulty_error": 0.11480731517076492}], "appliance_names": ["Chest_Freezer", "Computer_Site", "Dishwasher", "Electric_Heater", "Fridge", "Television_Site", "Tumble_Dryer", "Upright_Freezer", "Washing_Machine"], "mean_adjacency": [[[1.0, 0.09904658049345016, 0.0488746240735054, 0.0, 0.2719120383262634, 0.0778610110282898, 0.37137314677238464, 0.15549203753471375, 0.06732749193906784], [0.09904658049345016, 1.0, 0.03195289522409439, 0.0, 0.1505390703678131, 0.0831734910607338, 0.12133949249982834, 0.10914770513772964, 0.04693446680903435], [0.0488746240735054, 0.03195289522409439, 1.0, 0.0, 0.06030568107962608, 0.03890390694141388, 0.04745260253548622, 0.021763594821095467, 0.025744223967194557], [0.0, 0.0, 0.0, 1.0, 0.0, 0.0, 0.0, 0.0, 0.0], [0.2719120383262634, 0.1505390703678131, 0.06030568107962608, 0.0, 1.0, 0.11485231667757034, 0.3302081823348999, 0.3199938237667084, 0.06904836744070053], [0.0778610110282898, 0.0831734910607338, 0.03890390694141388, 0.0, 0.11485231667757034, 1.0, 0.10119117051362991, 0.08567198365926743, 0.04256797581911087], [0.37137314677238464, 0.12133949249982834, 0.04745260253548622, 0.0, 0.3302081823348999, 0.10119117051362991, 1.0, 0.2211022675037384, 0.061872921884059906], [0.15549203753471375, 0.10914770513772964, 0.021763594821095467, 0.0, 0.3199938237667084, 0.08567198365926743, 0.2211022675037384, 1.0, 0.029209284111857414], [0.06732749193906784, 0.04693446680903435, 0.025744223967194557, 0.0, 0.06904836744070053, 0.04256797581911087, 0.061872921884059906, 0.029209284111857414, 1.0]], [[1.0, 0.5234761238098145, 0.5201532244682312, 0.5000299215316772, 0.5486183762550354, 0.507987380027771, 0.5481057167053223, 0.4821310043334961, 0.49139514565467834], [0.5234761238098145, 1.0, 0.5015126466751099, 0.47747674584388733, 0.5173327922821045, 0.51470547914505, 0.5100015997886658, 0.5129374265670776, 0.5016457438468933], [0.5201532244682312, 0.5015126466751099, 1.0, 0.5235251784324646, 0.5353664755821228, 0.5066050887107849, 0.5202013850212097, 0.5080545544624329, 0.5017395615577698], [0.5000299215316772, 0.47747674584388733, 0.5235251784324646, 1.0, 0.500221848487854, 0.5226233005523682, 0.512517511844635, 0.5034821629524231, 0.5048165917396545], [0.5486183762550354, 0.5173327922821045, 0.5353664755821228, 0.500221848487854, 1.0, 0.5009939670562744, 0.5176306366920471, 0.47427529096603394, 0.5053580403327942], [0.507987380027771, 0.51470547914505, 0.5066050887107849, 0.5226233005523682, 0.5009939670562744, 1.0, 0.4980487525463104, 0.4949532747268677, 0.5065932869911194], [0.5481057167053223, 0.5100015997886658, 0.5202013850212097, 0.512517511844635, 0.5176306366920471, 0.4980487525463104, 1.0, 0.5015571713447571, 0.5197683572769165], [0.4821310043334961, 0.5129374265670776, 0.5080545544624329, 0.5034821629524231, 0.47427529096603394, 0.4949532747268677, 0.5015571713447571, 1.0, 0.4946787357330322], [0.49139514565467834, 0.5016457438468933, 0.5017395615577698, 0.5048165917396545, 0.5053580403327942, 0.5065932869911194, 0.5197683572769165, 0.4946787357330322, 1.0]], [[1.0, 0.003360383678227663, 0.020875435322523117, 0.0, 0.05973675847053528, 0.003309088759124279, 0.15360690653324127, 0.06356954574584961, 0.013954260386526585], [0.003360383678227663, 1.0, 0.002457507885992527, 0.0, 0.004170847591012716, 0.0031125822570174932, 0.0024728653952479362, 0.003025548532605171, 0.00389874423854053], [0.020875435322523117, 0.002457507885992527, 1.0, 0.0, 0.030255965888500214, 0.004015165381133556, 0.014079765416681767, 0.01328857522457838, 0.0086496127769351], [0.0, 0.0, 0.0, 1.0, 0.0, 0.0, 0.0, 0.0, 0.0], [0.05973675847053528, 0.004170847591012716, 0.030255965888500214, 0.0, 1.0, 0.007437462918460369, 0.03539546951651573, 0.048867326229810715, 0.02644650824368], [0.003309088759124279, 0.0031125822570174932, 0.004015165381133556, 0.0, 0.007437462918460369, 1.0, 0.005279870238155127, 0.0047181518748402596, 0.005918851587921381], [0.15360690653324127, 0.0024728653952479362, 0.014079765416681767, 0.0, 0.03539546951651573, 0.005279870238155127, 1.0, 0.06624674052000046, 0.014738497324287891], [0.06356954574584961, 0.003025548532605171, 0.01328857522457838, 0.0, 0.048867326229810715, 0.0047181518748402596, 0.06624674052000046, 1.0, 0.01241326704621315], [0.013954260386526585, 0.00389874423854053, 0.0086496127769351, 0.0, 0.02644650824368, 0.005918851587921381, 0.014738497324287891, 0.01241326704621315, 1.0]], [[1.0, 0.06435447931289673, 0.02777777798473835, 0.0, 0.2117660939693451, 0.050939079374074936, 0.27761995792388916, 0.125, 0.04502051696181297], [0.06435447931289673, 1.0, 0.007023358717560768, 0.0, 0.08759469538927078, 0.022332701832056046, 0.08250473439693451, 0.08191287517547607, 0.012468433938920498], [0.02777777798473835, 0.007023358717560768, 1.0, 0.0, 0.03180239722132683, 0.007102272938936949, 0.02904040366411209, 0.014835858717560768, 0.0037878789007663727], [0.0, 0.0, 0.0, 1.0, 0.0, 0.0, 0.0, 0.0, 0.0], [0.2117660939693451, 0.08759469538927078, 0.03180239722132683, 0.0, 1.0, 0.06545928120613098, 0.2703203856945038, 0.2660195827484131, 0.037563130259513855], [0.050939079374074936, 0.022332701832056046, 0.007102272938936949, 0.0, 0.06545928120613098, 1.0, 0.06652462482452393, 0.06427557021379471, 0.009114583022892475], [0.27761995792388916, 0.08250473439693451, 0.02904040366411209, 0.0, 0.2703203856945038, 0.06652462482452393, 1.0, 0.2070707082748413, 0.04032512754201889], [0.125, 0.08191287517547607, 0.014835858717560768, 0.0, 0.2660195827484131, 0.06427557021379471, 0.2070707082748413, 1.0, 0.01862373761832714], [0.04502051696181297, 0.012468433938920498, 0.0037878789007663727, 0.0, 0.037563130259513855, 0.009114583022892475, 0.04032512754201889, 0.01862373761832714, 1.0]]], "injected_nodes": [0, 1, 2, 4, 5, 6, 7, 8], "drift_ratios": [1.2274835977063738, 1.2750268485055822, 1.4078316909785422, 1.343874868572742, 1.384510854629772, 1.2601596587439043, 1.3063498236397466, 1.0450558059177715, 1.3188113821806426], "statuses": ["Minor", "Minor", "Moderate", "Moderate", "Moderate", "Minor", "Moderate", "Healthy", "Moderate"], "health_history": {"Chest_Freezer": [60.68726201135573, 59.15092615937092, 57.586137397648415, 55.99121595433374, 54.360758692309744, 52.70473070973612, 44.332639414677686, 25.13605184410696, 7.793922079692763, 0.0, 0.0, 0.0, 0.0, 0.0, 0.0, 0.0, 0.0, 0.0, 0.0, 4.200696560877432], "Computer_Site": [36.788653439009714, 37.42297007853287, 35.15504045465046, 32.344086050003256, 29.45499190995335, 28.028958303241353, 24.670269310431195, 22.998215905080315, 21.524813672731, 19.93024847022363, 17.7969155344356, 19.13255175929251, 18.63522812253052, 16.6199992667498, 13.566255118947751, 10.959318748721785, 7.969562828278541, 5.9835204225641405, 2.5519646909107507, 0.0], "Dishwasher": [35.88483468871044, 0.0, 0.0, 0.0, 0.0, 7.196286304615498, 3.7152854994160265, 0.0, 0.0, 0.0, 0.0, 0.0, 0.0, 0.0, 0.0, 0.0, 0.0, 0.0, 0.0, 0.0], "Electric_Heater": [17.97031365632718, 13.52441608790113, 10.365372618689037, 5.656336214220687, 0.9679936439905106, 0.0, 0.0, 0.0, 0.0, 0.0, 0.0, 0.0, 0.0, 0.0, 0.0, 0.0, 0.0, 0.0, 0.0, 0.0], "Fridge": [50.40619952021264, 49.42864319626889, 47.007116322275586, 44.653523531672015, 43.027952622716825, 39.45309911014721, 38.42107086979738, 37.71836712176982, 34.496906176780556, 32.19300231574202, 30.69519022059754, 29.392615160914374, 27.386061364902048, 24.77263450583466, 23.870633703731684, 21.09605971988222, 18.870386006982017, 17.67311500903763, 18.193374341658185, 11.737196847046533], "Television_Site": [32.473104453011956, 28.954720435135272, 26.266710135782247, 23.72598745302129, 23.211523304923162, 23.806728720862537, 20.23967272029293, 16.427914130874115, 14.071583382545938, 11.806599746563563, 9.676851924562172, 3.8075401357464216, 0.181968018053297, 0.0, 0.0, 0.0, 0.0, 0.0, 0.0, 0.0], "Tumble_Dryer": [34.19901782092481, 27.505852291550724, 27.411102206176324, 29.72555914304155, 31.169520740783668, 28.012353865829, 25.38926440257788, 22.92496492998572, 19.78613942649548, 13.155237067465265, 10.393872068524018, 7.777689092888423, 4.323370132702962, 2.6949697809276643, 2.290703357427688, 2.300015270809027, 0.9045585369471496, 0.0, 0.0, 0.0], "Upright_Freezer": [22.13543384856537, 19.795791016573034, 13.115624306476093, 6.340010934213225, 4.332298781708275, 3.4930168320682924, 1.2880023334615203, 1.0871344830474072, 0.0, 0.0, 0.0, 0.0, 0.0, 0.0, 0.0, 0.0, 0.0, 0.0, 0.0, 0.0], "Washing_Machine": [43.09573711947051, 23.961045579255767, 18.421580304522664, 14.900786200569272, 11.783532980001937, 8.997780340018295, 6.3077226182999055, 3.5664543682069905, 0.9079498465929561, 0.0, 0.0, 13.174108974345131, 10.38112967792732, 1.775409162282756, 0.0, 0.0, 0.0, 0.0, 0.0, 0.0]}, "added_edges": [{"name": "Chest_Freezer \u2194 Upright_Freezer", "from_node": 0, "to_node": 7, "baseline": 0.15549203753471375, "current": 0.4324324429035187, "increase": 0.27694040536880493}, {"name": "Dishwasher \u2194 Upright_Freezer", "from_node": 2, "to_node": 7, "baseline": 0.021763594821095467, "current": 0.290909081697464, "increase": 0.26914548873901367}, {"name": "Fridge \u2194 Tumble_Dryer", "from_node": 4, "to_node": 6, "baseline": 0.3302081823348999, "current": 0.4194915294647217, "increase": 0.08928334712982178}], "removed_edges": [{"name": "Chest_Freezer \u2194 Fridge", "from_node": 0, "to_node": 4, "baseline": 0.2719120383262634, "current": 0.05780346691608429, "decrease": 0.21410857141017914}, {"name": "Chest_Freezer \u2194 Tumble_Dryer", "from_node": 0, "to_node": 6, "baseline": 0.37137314677238464, "current": 0.25123152136802673, "decrease": 0.12014162540435791}, {"name": "Fridge \u2194 Upright_Freezer", "from_node": 4, "to_node": 7, "baseline": 0.3199938237667084, "current": 0.033149171620607376, "decrease": 0.2868446409702301}], "edge_changes": [{"name": "Fridge \u2194 Upright_Freezer", "from_node": 4, "to_node": 7, "baseline": 0.3199938237667084, "current": 0.033149171620607376, "delta": -0.2868446409702301}, {"name": "Chest_Freezer \u2194 Upright_Freezer", "from_node": 0, "to_node": 7, "baseline": 0.15549203753471375, "current": 0.4324324429035187, "delta": 0.27694040536880493}, {"name": "Dishwasher \u2194 Upright_Freezer", "from_node": 2, "to_node": 7, "baseline": 0.021763594821095467, "current": 0.290909081697464, "delta": 0.26914548873901367}, {"name": "Chest_Freezer \u2194 Fridge", "from_node": 0, "to_node": 4, "baseline": 0.2719120383262634, "current": 0.05780346691608429, "delta": -0.21410857141017914}, {"name": "Chest_Freezer \u2194 Tumble_Dryer", "from_node": 0, "to_node": 6, "baseline": 0.37137314677238464, "current": 0.25123152136802673, "delta": -0.12014162540435791}, {"name": "Fridge \u2194 Tumble_Dryer", "from_node": 4, "to_node": 6, "baseline": 0.3302081823348999, "current": 0.4194915294647217, "delta": 0.08928334712982178}, {"name": "Tumble_Dryer \u2194 Upright_Freezer", "from_node": 6, "to_node": 7, "baseline": 0.2211022675037384, "current": 0.14159291982650757, "delta": -0.07950934767723083}, {"name": "Dishwasher \u2194 Fridge", "from_node": 2, "to_node": 4, "baseline": 0.06030568107962608, "current": 0.0, "delta": -0.06030568107962608}, {"name": "Chest_Freezer \u2194 Computer_Site", "from_node": 0, "to_node": 1, "baseline": 0.09904658049345016, "current": 0.042553190141916275, "delta": -0.05649339035153389}, {"name": "Computer_Site \u2194 Tumble_Dryer", "from_node": 1, "to_node": 6, "baseline": 0.12133949249982834, "current": 0.17370891571044922, "delta": 0.05236942321062088}], "isolated_nodes": [3], "connected_nodes": [0, 1, 2, 4, 5, 6, 7, 8], "connectivity_threshold": 0.05}