{"house_id": 9, "timestamp": "2026-07-01 11:46:21", "graph_drift": 0.04293793439865112, "appliances": [{"name": "Dishwasher", "icon": "fa-soap", "health": 83.0559828701859, "severity": "Healthy", "confidence": 0.98, "rul": 90, "root_cause": "Normal Operation", "recommendations": ["General preventative maintenance check"], "drift_ratio": 0.6102977686033981, "normal_error": 0.26314577460289, "faulty_error": 0.1605972796678543}, {"name": "Electric_Heater", "icon": "fa-plug", "health": 62.01369954699432, "severity": "Healthy", "confidence": 0.98, "rul": 120, "root_cause": "Normal Operation", "recommendations": ["General preventative maintenance check"], "drift_ratio": 1.035315913815148, "normal_error": 0.12404075264930725, "faulty_error": 0.1284213662147522}, {"name": "Fridge_Freezer", "icon": "fa-snowflake", "health": 63.897557360028436, "severity": "Healthy", "confidence": 0.98, "rul": 90, "root_cause": "Normal Operation", "recommendations": ["General preventative maintenance check"], "drift_ratio": 1.045073573669244, "normal_error": 0.2532665729522705, "faulty_error": 0.26468220353126526}, {"name": "Hi_Fi", "icon": "fa-plug", "health": 62.41815458274419, "severity": "Healthy", "confidence": 0.98, "rul": 71, "root_cause": "Normal Operation", "recommendations": ["General preventative maintenance check"], "drift_ratio": 1.0083065035746976, "normal_error": 0.14877283573150635, "faulty_error": 0.15000861883163452}, {"name": "Kettle", "icon": "fa-mug-hot", "health": 62.42762527002536, "severity": "Healthy", "confidence": 0.98, "rul": 120, "root_cause": "Normal Operation", "recommendations": ["General preventative maintenance check"], "drift_ratio": 1.0576048147545636, "normal_error": 0.1374511867761612, "faulty_error": 0.1453690379858017}, {"name": "Microwave", "icon": "fa-temperature-arrow-up", "health": 60.40929274196169, "severity": "Healthy", "confidence": 0.98, "rul": 94, "root_cause": "Normal Operation", "recommendations": ["General preventative maintenance check"], "drift_ratio": 1.0932240424525315, "normal_error": 0.1305730640888214, "faulty_error": 0.14274561405181885}, {"name": "Television_Site", "icon": "fa-tv", "health": 62.328358723741324, "severity": "Healthy", "confidence": 0.98, "rul": 90, "root_cause": "Normal Operation", "recommendations": ["General preventative maintenance check"], "drift_ratio": 0.9737750890584275, "normal_error": 0.14641261100769043, "faulty_error": 0.14257295429706573}, {"name": "Washer_Dryer", "icon": "fa-soap", "health": 39.803819655153404, "severity": "Critical", "confidence": 0.89, "rul": 44, "root_cause": "Motor windings overheat / Drum Imbalance", "recommendations": ["Re-level appliance feet to damp vibrations.", "Check drum suspension springs and shock dampers.", "Advise user to balance heavy laundry loads."], "drift_ratio": 1.73119650256843, "normal_error": 0.20991206169128418, "faulty_error": 0.36339902877807617}, {"name": "Washing_Machine", "icon": "fa-soap", "health": 55.783641521599165, "severity": "Critical", "confidence": 0.92, "rul": 50, "root_cause": "Bearing wear & Mechanical friction", "recommendations": ["Inspect motor and drum bearing assemblies for noise.", "Lubricate rotating bearings if serviceable.", "Check belt tension and alignment."], "drift_ratio": 1.818790293469717, "normal_error": 0.14359362423419952, "faulty_error": 0.26116669178009033}], "appliance_names": ["Dishwasher", "Electric_Heater", "Fridge_Freezer", "Hi_Fi", "Kettle", "Microwave", "Television_Site", "Washer_Dryer", "Washing_Machine"], "mean_adjacency": [[[1.0, 0.0, 0.3919871151447296, 0.12121956050395966, 0.0, 0.039607156068086624, 0.06913215667009354, 0.25393661856651306, 0.20184415578842163], [0.0, 1.0, 0.0, 0.0, 0.0, 0.0, 0.0, 0.0, 0.0], [0.3919871151447296, 0.0, 1.0, 0.1069508045911789, 0.0, 0.0521467886865139, 0.06226435676217079, 0.24780996143817902, 0.2417563498020172], [0.12121956050395966, 0.0, 0.1069508045911789, 1.0, 0.0, 0.032929886132478714, 0.020798170939087868, 0.07893498241901398, 0.06488120555877686], [0.0, 0.0, 0.0, 0.0, 1.0, 0.0, 0.0, 0.0, 0.0], [0.039607156068086624, 0.0, 0.0521467886865139, 0.032929886132478714, 0.0, 1.0, 0.018808012828230858, 0.024589283391833305, 0.01146744005382061], [0.06913215667009354, 0.0, 0.06226435676217079, 0.020798170939087868, 0.0, 0.018808012828230858, 1.0, 0.05211564898490906, 0.05110999569296837], [0.25393661856651306, 0.0, 0.24780996143817902, 0.07893498241901398, 0.0, 0.024589283391833305, 0.05211564898490906, 1.0, 0.22427669167518616], [0.20184415578842163, 0.0, 0.2417563498020172, 0.06488120555877686, 0.0, 0.01146744005382061, 0.05110999569296837, 0.22427669167518616, 1.0]], [[1.0, 0.5044837594032288, 0.5300863981246948, 0.5148961544036865, 0.51995450258255, 0.49941131472587585, 0.508901059627533, 0.4763479232788086, 0.47536441683769226], [0.5044837594032288, 1.0, 0.4997701942920685, 0.50922030210495, 0.4989737570285797, 0.5055594444274902, 0.5156956315040588, 0.49048957228660583, 0.5153439044952393], [0.5300863981246948, 0.4997701942920685, 1.0, 0.5001912117004395, 0.5098257064819336, 0.5156035423278809, 0.4977850019931793, 0.44904404878616333, 0.5371513962745667], [0.5148961544036865, 0.50922030210495, 0.5001912117004395, 1.0, 0.5068923830986023, 0.5103005766868591, 0.48198068141937256, 0.5026993155479431, 0.4961448609828949], [0.51995450258255, 0.4989737570285797, 0.5098257064819336, 0.5068923830986023, 1.0, 0.49370482563972473, 0.5080997943878174, 0.4974612295627594, 0.4996010959148407], [0.49941131472587585, 0.5055594444274902, 0.5156035423278809, 0.5103005766868591, 0.49370482563972473, 1.0, 0.505095899105072, 0.4974138140678406, 0.48362210392951965], [0.508901059627533, 0.5156956315040588, 0.4977850019931793, 0.48198068141937256, 0.5080997943878174, 0.505095899105072, 1.0, 0.5109632015228271, 0.5244039297103882], [0.4763479232788086, 0.49048957228660583, 0.44904404878616333, 0.5026993155479431, 0.4974612295627594, 0.4974138140678406, 0.5109632015228271, 1.0, 0.49528709053993225], [0.47536441683769226, 0.5153439044952393, 0.5371513962745667, 0.4961448609828949, 0.4996010959148407, 0.48362210392951965, 0.5244039297103882, 0.49528709053993225, 1.0]], [[1.0, 0.0, 0.04406721144914627, 0.005726445931941271, 0.0, 0.010935877449810505, 0.0296633243560791, 0.09111999720335007, 0.0908631980419159], [0.0, 1.0, 0.0, 0.0, 0.0, 0.0, 0.0, 0.0, 0.0], [0.04406721144914627, 0.0, 1.0, 0.006001664325594902, 0.0, 0.033389896154403687, 0.026452355086803436, 0.042084403336048126, 0.03835897147655487], [0.005726445931941271, 0.0, 0.006001664325594902, 1.0, 0.0, 0.0014192736707627773, 0.0057744476944208145, 0.00399647606536746, 0.0027553236577659845], [0.0, 0.0, 0.0, 0.0, 1.0, 0.0, 0.0, 0.0, 0.0], [0.010935877449810505, 0.0, 0.033389896154403687, 0.0014192736707627773, 0.0, 1.0, 0.0070463926531374454, 0.019130397588014603, 0.010252123698592186], [0.0296633243560791, 0.0, 0.026452355086803436, 0.0057744476944208145, 0.0, 0.0070463926531374454, 1.0, 0.016841091215610504, 0.016066350042819977], [0.09111999720335007, 0.0, 0.042084403336048126, 0.00399647606536746, 0.0, 0.019130397588014603, 0.016841091215610504, 1.0, 0.080823615193367], [0.0908631980419159, 0.0, 0.03835897147655487, 0.0027553236577659845, 0.0, 0.010252123698592186, 0.016066350042819977, 0.080823615193367, 1.0]], [[1.0, 0.0, 0.3309375047683716, 0.08531250059604645, 0.0, 0.027812499552965164, 0.05093749985098839, 0.21656249463558197, 0.18250000476837158], [0.0, 1.0, 0.0, 0.0, 0.0, 0.0, 0.0, 0.0, 0.0], [0.3309375047683716, 0.0, 1.0, 0.06074218824505806, 0.0, 0.02500000037252903, 0.03457031399011612, 0.19960936903953552, 0.1921093761920929], [0.08531250059604645, 0.0, 0.06074218824505806, 1.0, 0.0, 0.005937499925494194, 0.004609374795109034, 0.04898437485098839, 0.04410156235098839], [0.0, 0.0, 0.0, 0.0, 1.0, 0.0, 0.0, 0.0, 0.0], [0.027812499552965164, 0.0, 0.02500000037252903, 0.005937499925494194, 0.0, 1.0, 0.0024999999441206455, 0.016367187723517418, 0.006992187350988388], [0.05093749985098839, 0.0, 0.03457031399011612, 0.004609374795109034, 0.0, 0.0024999999441206455, 1.0, 0.03257812559604645, 0.026445312425494194], [0.21656249463558197, 0.0, 0.19960936903953552, 0.04898437485098839, 0.0, 0.016367187723517418, 0.03257812559604645, 1.0, 0.17582030594348907], [0.18250000476837158, 0.0, 0.1921093761920929, 0.04410156235098839, 0.0, 0.006992187350988388, 0.026445312425494194, 0.17582030594348907, 1.0]]], "injected_nodes": [0, 2, 5, 6, 7, 8], "drift_ratios": [0.6102977686033981, 1.035315913815148, 1.045073573669244, 1.0083065035746976, 1.0576048147545636, 1.0932240424525315, 0.9737750890584275, 1.73119650256843, 1.818790293469717], "statuses": ["Healthy", "Healthy", "Healthy", "Healthy", "Healthy", "Healthy", "Healthy", "Critical", "Critical"], "health_history": {"Dishwasher": [82.2854896277313, 81.52931409807496, 77.47584335997715, 72.94860678451118, 71.45514372361278, 66.73267561467904, 61.17779609036356, 55.99428725303164, 56.844492439518156, 57.60140845920721, 58.16243263584517, 63.65370862563037, 64.44098316449532, 69.48292477149515, 73.75282140851958, 78.07383858461823, 81.3535742746405, 84.22409096122963, 83.12115699822509, 83.0559828701859], "Electric_Heater": [64.69635982464408, 64.46829556361294, 64.13835003743992, 64.34948881627827, 64.10514700166956, 63.76551560385107, 63.70487036700462, 63.235058209664366, 62.93396534141684, 63.304578305467885, 63.083055038075834, 62.79236428909261, 62.82610065385914, 63.25934671737876, 63.06906066152321, 62.98092033146882, 62.85204865221041, 62.50498370602782, 62.10603157849802, 62.01369954699432], "Fridge_Freezer": [61.740523178979295, 60.83448053085332, 60.40645090755788, 58.669491119094666, 57.68173357688453, 62.24662950960108, 62.291238963768805, 59.962888869065175, 59.1406424017496, 61.035857216657455, 62.209393989264264, 59.241214891777254, 57.43412549667093, 59.00624493740723, 63.15479409458469, 61.5796502840743, 58.03754011177119, 60.81378961398493, 63.105196869297615, 63.897557360028436], "Hi_Fi": [65.44295147298325, 65.38863331980046, 65.55167737630254, 65.16477906417848, 63.441269663498105, 63.30749767841227, 62.892167266312946, 63.077259639838914, 62.05087427027481, 62.0041569253312, 61.62498261725768, 61.00223899054099, 61.12807044560485, 62.25789549821973, 61.28812420377707, 61.49309590140602, 61.785678486931445, 61.64235322665696, 61.6150522882222, 62.41815458274419], "Kettle": [64.57229935838635, 64.97740720272773, 65.16281283686374, 64.5789853613124, 65.09886830542294, 66.03213956984891, 65.38586960268466, 65.37515505191261, 65.00715144270347, 64.44476462284878, 64.56599849387771, 64.91526897046455, 64.43327979524193, 64.06670119817717, 64.46693319015426, 63.64012958983413, 63.6689071323822, 63.454427399116746, 63.03729553338416, 62.42762527002536], "Microwave": [63.77162986056002, 63.77975092869993, 63.73556653201605, 65.18070750786964, 65.5167048201887, 65.34054996658688, 65.15937782203244, 64.9742381327379, 64.78791644573951, 64.59446557678626, 64.40041131040377, 64.20145547312362, 64.00266081734853, 63.796803105364205, 63.58976752853517, 63.38054153638087, 63.17045590953287, 61.46890822199049, 60.24861957856451, 60.40929274196169], "Television_Site": [58.733663294062005, 58.847620305302264, 59.1628595032068, 58.519112436980706, 62.85435323027553, 63.05397781746042, 60.999491538249956, 63.99254529085437, 59.73537703930999, 59.31637447636984, 60.866009501312966, 60.10217112458557, 60.24780364131689, 60.36555226371786, 61.13662344387435, 61.310675326501816, 65.01293754425024, 64.78925217222309, 64.70268689394757, 62.328358723741324], "Washer_Dryer": [48.818188835004165, 46.85374919757296, 52.77511340857777, 61.03735418055263, 66.99561269536277, 70.67279269590037, 73.65810638350443, 76.14351916268714, 78.78046590888081, 73.57242530544927, 73.52880230209398, 73.48518917210559, 77.7188395367821, 72.94495802819384, 67.44959010593851, 61.758949201255724, 57.30853400272786, 51.94266516087948, 45.00978931987534, 39.803819655153404], "Washing_Machine": [73.05068629254794, 75.8360247347822, 78.12245392842689, 73.14813504352901, 73.10000731363888, 73.04935929218507, 72.99806038462172, 72.94546222765368, 72.89104764433343, 72.83274288124223, 72.77373173012516, 72.71690029063073, 72.65445811195953, 72.58936950100573, 72.52478797574193, 72.45959845221302, 75.68140144155127, 70.18306625937342, 63.49877369777304, 55.783641521599165]}, "added_edges": [{"name": "Fridge_Freezer \u2194 Washer_Dryer", "from_node": 2, "to_node": 7, "baseline": 0.24780996143817902, "current": 0.36206895112991333, "increase": 0.11425898969173431}, {"name": "Fridge_Freezer \u2194 Washing_Machine", "from_node": 2, "to_node": 8, "baseline": 0.2417563498020172, "current": 0.34375, "increase": 0.10199365019798279}, {"name": "Microwave \u2194 Washing_Machine", "from_node": 5, "to_node": 8, "baseline": 0.01146744005382061, "current": 0.11304347962141037, "increase": 0.10157603770494461}, {"name": "Washer_Dryer \u2194 Washing_Machine", "from_node": 7, "to_node": 8, "baseline": 0.22427669167518616, "current": 0.43290042877197266, "increase": 0.2086237370967865}], "removed_edges": [{"name": "Dishwasher \u2194 Fridge_Freezer", "from_node": 0, "to_node": 2, "baseline": 0.3919871151447296, "current": 0.0, "decrease": 0.3919871151447296}, {"name": "Dishwasher \u2194 Hi_Fi", "from_node": 0, "to_node": 3, "baseline": 0.12121956050395966, "current": 0.0, "decrease": 0.12121956050395966}, {"name": "Dishwasher \u2194 Washer_Dryer", "from_node": 0, "to_node": 7, "baseline": 0.25393661856651306, "current": 0.0, "decrease": 0.25393661856651306}, {"name": "Dishwasher \u2194 Washing_Machine", "from_node": 0, "to_node": 8, "baseline": 0.20184415578842163, "current": 0.0, "decrease": 0.20184415578842163}], "edge_changes": [{"name": "Dishwasher \u2194 Fridge_Freezer", "from_node": 0, "to_node": 2, "baseline": 0.3919871151447296, "current": 0.0, "delta": -0.3919871151447296}, {"name": "Dishwasher \u2194 Washer_Dryer", "from_node": 0, "to_node": 7, "baseline": 0.25393661856651306, "current": 0.0, "delta": -0.25393661856651306}, {"name": "Washer_Dryer \u2194 Washing_Machine", "from_node": 7, "to_node": 8, "baseline": 0.22427669167518616, "current": 0.43290042877197266, "delta": 0.2086237370967865}, {"name": "Dishwasher \u2194 Washing_Machine", "from_node": 0, "to_node": 8, "baseline": 0.20184415578842163, "current": 0.0, "delta": -0.20184415578842163}, {"name": "Dishwasher \u2194 Hi_Fi", "from_node": 0, "to_node": 3, "baseline": 0.12121956050395966, "current": 0.0, "delta": -0.12121956050395966}, {"name": "Fridge_Freezer \u2194 Washer_Dryer", "from_node": 2, "to_node": 7, "baseline": 0.24780996143817902, "current": 0.36206895112991333, "delta": 0.11425898969173431}, {"name": "Fridge_Freezer \u2194 Washing_Machine", "from_node": 2, "to_node": 8, "baseline": 0.2417563498020172, "current": 0.34375, "delta": 0.10199365019798279}, {"name": "Microwave \u2194 Washing_Machine", "from_node": 5, "to_node": 8, "baseline": 0.01146744005382061, "current": 0.11304347962141037, "delta": 0.10157603770494461}, {"name": "Dishwasher \u2194 Television_Site", "from_node": 0, "to_node": 6, "baseline": 0.06913215667009354, "current": 0.0, "delta": -0.06913215667009354}, {"name": "Fridge_Freezer \u2194 Television_Site", "from_node": 2, "to_node": 6, "baseline": 0.06226435676217079, "current": 0.12999999523162842, "delta": 0.06773564219474792}], "isolated_nodes": [1, 4], "connected_nodes": [0, 2, 3, 5, 6, 7, 8], "connectivity_threshold": 0.05}