{"house_id": 18, "timestamp": "2026-07-01 11:46:29", "graph_drift": 0.06461077928543091, "appliances": [{"name": "Desktop_Computer", "icon": "fa-tv", "health": 60.91806883713329, "severity": "Healthy", "confidence": 0.98, "rul": 68, "root_cause": "Normal Operation", "recommendations": ["General preventative maintenance check"], "drift_ratio": 1.087604217441191, "normal_error": 0.15072239935398102, "faulty_error": 0.16392631828784943}, {"name": "Dishwasher", "icon": "fa-soap", "health": 58.383434171531206, "severity": "Healthy", "confidence": 0.98, "rul": 101, "root_cause": "Normal Operation", "recommendations": ["General preventative maintenance check"], "drift_ratio": 1.0987164055865175, "normal_error": 0.14542247354984283, "faulty_error": 0.15977805852890015}, {"name": "Freezer_garage", "icon": "fa-snowflake", "health": 40.923160193901296, "severity": "Moderate", "confidence": 0.94, "rul": 90, "root_cause": "Compressor efficiency loss & Door Gasket wear", "recommendations": ["Inspect and clean door gasket seals.", "Replace magnetic door gasket strip if cracked.", "Ensure unit is leveled so door closes firmly."], "drift_ratio": 1.508686424088775, "normal_error": 0.2511817514896393, "faulty_error": 0.3789544999599457}, {"name": "Fridge_Freezer", "icon": "fa-snowflake", "health": 76.28247168168963, "severity": "Healthy", "confidence": 0.98, "rul": 67, "root_cause": "Normal Operation", "recommendations": ["General preventative maintenance check"], "drift_ratio": 0.6092031203376942, "normal_error": 0.23748503625392914, "faulty_error": 0.14467662572860718}, {"name": "Fridge_garage", "icon": "fa-snowflake", "health": 48.27079693096684, "severity": "Moderate", "confidence": 0.94, "rul": 4, "root_cause": "Compressor efficiency loss & Door Gasket wear", "recommendations": ["Inspect and clean door gasket seals.", "Replace magnetic door gasket strip if cracked.", "Ensure unit is leveled so door closes firmly."], "drift_ratio": 1.3767543146289374, "normal_error": 0.2586035132408142, "faulty_error": 0.3560335040092468}, {"name": "Microwave", "icon": "fa-temperature-arrow-up", "health": 62.064060020371514, "severity": "Healthy", "confidence": 0.98, "rul": 120, "root_cause": "Normal Operation", "recommendations": ["General preventative maintenance check"], "drift_ratio": 1.0397730267640104, "normal_error": 0.13194070756435394, "faulty_error": 0.1371883898973465}, {"name": "Television_Site", "icon": "fa-tv", "health": 58.1448035919638, "severity": "Healthy", "confidence": 0.98, "rul": 46, "root_cause": "Normal Operation", "recommendations": ["General preventative maintenance check"], "drift_ratio": 1.1011351560146887, "normal_error": 0.16151854395866394, "faulty_error": 0.1778537482023239}, {"name": "Washer_Dryer_garage", "icon": "fa-soap", "health": 61.13220104460122, "severity": "Moderate", "confidence": 0.92, "rul": 6, "root_cause": "Bearing wear & Mechanical friction", "recommendations": ["Inspect motor and drum bearing assemblies for noise.", "Lubricate rotating bearings if serviceable.", "Check belt tension and alignment."], "drift_ratio": 1.4264172167328104, "normal_error": 0.27412423491477966, "faulty_error": 0.39101552963256836}, {"name": "Washing_Machine", "icon": "fa-soap", "health": 57.29776692470966, "severity": "Healthy", "confidence": 0.98, "rul": 45, "root_cause": "Normal Operation", "recommendations": ["General preventative maintenance check"], "drift_ratio": 1.1287052245734004, "normal_error": 0.14959949254989624, "faulty_error": 0.1688537299633026}], "appliance_names": ["Desktop_Computer", "Dishwasher", "Freezer_garage", "Fridge_Freezer", "Fridge_garage", "Microwave", "Television_Site", "Washer_Dryer_garage", "Washing_Machine"], "mean_adjacency": [[[1.0, 0.0535842627286911, 0.12488818913698196, 0.1133149117231369, 0.14741230010986328, 0.0, 0.07995621860027313, 0.16266947984695435, 0.06588441133499146], [0.0535842627286911, 1.0, 0.04283292591571808, 0.045136451721191406, 0.07477652281522751, 0.0, 0.04642884433269501, 0.05951489880681038, 0.0027447931934148073], [0.12488818913698196, 0.04283292591571808, 1.0, 0.44284263253211975, 0.3564322590827942, 0.0, 0.09273029118776321, 0.48941901326179504, 0.05383508652448654], [0.1133149117231369, 0.045136451721191406, 0.44284263253211975, 1.0, 0.24937951564788818, 0.0, 0.09319629520177841, 0.41798731684684753, 0.0652325227856636], [0.14741230010986328, 0.07477652281522751, 0.3564322590827942, 0.24937951564788818, 1.0, 0.0, 0.12451949715614319, 0.41922634840011597, 0.07807768881320953], [0.0, 0.0, 0.0, 0.0, 0.0, 1.0, 0.0, 0.0, 0.0], [0.07995621860027313, 0.04642884433269501, 0.09273029118776321, 0.09319629520177841, 0.12451949715614319, 0.0, 1.0, 0.11610084772109985, 0.042501699179410934], [0.16266947984695435, 0.05951489880681038, 0.48941901326179504, 0.41798731684684753, 0.41922634840011597, 0.0, 0.11610084772109985, 1.0, 0.09922405332326889], [0.06588441133499146, 0.0027447931934148073, 0.05383508652448654, 0.0652325227856636, 0.07807768881320953, 0.0, 0.042501699179410934, 0.09922405332326889, 1.0]], [[1.0, 0.5163162350654602, 0.4927166998386383, 0.49672335386276245, 0.4956963360309601, 0.5077474117279053, 0.5131332874298096, 0.5278576016426086, 0.5173166394233704], [0.5163162350654602, 1.0, 0.48090970516204834, 0.5256466269493103, 0.5210270881652832, 0.5037210583686829, 0.5010652542114258, 0.5160287022590637, 0.4778875410556793], [0.4927166998386383, 0.48090970516204834, 1.0, 0.4882090091705322, 0.5505929589271545, 0.5014027953147888, 0.4891511797904968, 0.5537183284759521, 0.48958033323287964], [0.49672335386276245, 0.5256466269493103, 0.4882090091705322, 1.0, 0.4442896544933319, 0.5121558904647827, 0.5162028670310974, 0.5271321535110474, 0.4979131817817688], [0.4956963360309601, 0.5210270881652832, 0.5505929589271545, 0.4442896544933319, 1.0, 0.5089797973632812, 0.5159264802932739, 0.561234712600708, 0.5184319019317627], [0.5077474117279053, 0.5037210583686829, 0.5014027953147888, 0.5121558904647827, 0.5089797973632812, 1.0, 0.5112344622612, 0.5077903270721436, 0.48879122734069824], [0.5131332874298096, 0.5010652542114258, 0.4891511797904968, 0.5162028670310974, 0.5159264802932739, 0.5112344622612, 1.0, 0.5100268125534058, 0.5007959604263306], [0.5278576016426086, 0.5160287022590637, 0.5537183284759521, 0.5271321535110474, 0.561234712600708, 0.5077903270721436, 0.5100268125534058, 1.0, 0.5485579967498779], [0.5173166394233704, 0.4778875410556793, 0.48958033323287964, 0.4979131817817688, 0.5184319019317627, 0.48879122734069824, 0.5007959604263306, 0.5485579967498779, 1.0]], [[1.0, 0.0026272875256836414, 0.003549430286511779, 0.003627128666266799, 0.004992850124835968, 0.0, 0.00434736255556345, 0.007814323529601097, 0.006567541975528002], [0.0026272875256836414, 1.0, 0.017029928043484688, 0.020659111440181732, 0.027394933626055717, 0.0, 0.00766768679022789, 0.023931093513965607, 0.006892779842019081], [0.003549430286511779, 0.017029928043484688, 1.0, 0.20505037903785706, 0.08263825625181198, 0.0, 0.0054568140767514706, 0.1042160913348198, 0.022722136229276657], [0.003627128666266799, 0.020659111440181732, 0.20505037903785706, 1.0, 0.03384626284241676, 0.0, 0.0070479209534823895, 0.13008402287960052, 0.017805922776460648], [0.004992850124835968, 0.027394933626055717, 0.08263825625181198, 0.03384626284241676, 1.0, 0.0, 0.007755641359835863, 0.056377459317445755, 0.01701144315302372], [0.0, 0.0, 0.0, 0.0, 0.0, 1.0, 0.0, 0.0, 0.0], [0.00434736255556345, 0.00766768679022789, 0.0054568140767514706, 0.0070479209534823895, 0.007755641359835863, 0.0, 1.0, 0.0065604583360254765, 0.0023369828704744577], [0.007814323529601097, 0.023931093513965607, 0.1042160913348198, 0.13008402287960052, 0.056377459317445755, 0.0, 0.0065604583360254765, 1.0, 0.03535652160644531], [0.006567541975528002, 0.006892779842019081, 0.022722136229276657, 0.017805922776460648, 0.01701144315302372, 0.0, 0.0023369828704744577, 0.03535652160644531, 1.0]], [[1.0, 0.012617187574505806, 0.08953125029802322, 0.07917968928813934, 0.08527343720197678, 0.0, 0.02207031287252903, 0.12574218213558197, 0.01761718839406967], [0.012617187574505806, 1.0, 0.03179687634110451, 0.030937500298023224, 0.037773437798023224, 0.0, 0.008124999701976776, 0.04378906264901161, 0.0006249999860301614], [0.08953125029802322, 0.03179687634110451, 1.0, 0.31230467557907104, 0.28074219822883606, 0.0, 0.06371093541383743, 0.4296875, 0.04023437574505806], [0.07917968928813934, 0.030937500298023224, 0.31230467557907104, 1.0, 0.2085546851158142, 0.0, 0.060273438692092896, 0.36011719703674316, 0.04500000178813934], [0.08527343720197678, 0.037773437798023224, 0.28074219822883606, 0.2085546851158142, 1.0, 0.0, 0.06812500208616257, 0.35347655415534973, 0.04312499985098839], [0.0, 0.0, 0.0, 0.0, 0.0, 1.0, 0.0, 0.0, 0.0], [0.02207031287252903, 0.008124999701976776, 0.06371093541383743, 0.060273438692092896, 0.06812500208616257, 0.0, 1.0, 0.08847656100988388, 0.009687500074505806], [0.12574218213558197, 0.04378906264901161, 0.4296875, 0.36011719703674316, 0.35347655415534973, 0.0, 0.08847656100988388, 1.0, 0.06867187470197678], [0.01761718839406967, 0.0006249999860301614, 0.04023437574505806, 0.04500000178813934, 0.04312499985098839, 0.0, 0.009687500074505806, 0.06867187470197678, 1.0]]], "injected_nodes": [0, 1, 2, 3, 4, 6, 7, 8], "drift_ratios": [1.087604217441191, 1.0987164055865175, 1.508686424088775, 0.6092031203376942, 1.3767543146289374, 1.0397730267640104, 1.1011351560146887, 1.4264172167328104, 1.1287052245734004], "statuses": ["Healthy", "Healthy", "Moderate", "Healthy", "Moderate", "Healthy", "Healthy", "Moderate", "Healthy"], "health_history": {"Desktop_Computer": [64.65243669028264, 65.61576576936639, 65.13386142869957, 65.90754867296722, 65.52881921037931, 66.08348098865562, 65.4387321448079, 65.63399065486135, 64.39470909903164, 63.825954119827735, 63.86239678559914, 64.24903435639598, 64.56126963149671, 63.46639808940674, 63.02333797836994, 61.59102539849174, 62.94057284047985, 61.993639053123054, 61.27146464310043, 60.91806883713329], "Dishwasher": [62.747755310898434, 64.45712208924357, 63.67744538160588, 63.36752540399901, 59.90933915952307, 59.844379037981625, 60.06477459881875, 62.74203049884887, 63.21168243570997, 62.92574456905516, 62.73966683068738, 61.88821456424788, 63.86489707486556, 63.66130335224035, 63.30888392246889, 60.73444176562053, 60.300171107840015, 60.20866726453111, 59.391963636925354, 58.383434171531206], "Freezer_garage": [79.53797272442705, 77.6013965911051, 74.36688508728984, 71.98178531128568, 68.52252299340208, 64.40238642388934, 59.812561305575734, 53.744549502383116, 52.579218273693066, 58.93429784535402, 58.5923978472705, 56.21213921541639, 52.70263957344967, 48.13685988848411, 46.96089393910356, 44.163957751492966, 37.249173155112324, 28.388936220132678, 32.826592841541384, 40.923160193901296], "Fridge_Freezer": [79.723574586804, 77.9619850077888, 73.76515716861039, 68.39152847215907, 61.9916669115592, 54.39237178190137, 48.72266861877165, 39.31173056261061, 29.83367851577681, 26.388708629253287, 31.627078475025712, 34.91397358771084, 41.78081407067265, 50.83927298502115, 56.03766366607964, 60.803106326867706, 65.60893854584839, 71.7822580205848, 74.29477483847292, 76.28247168168963], "Fridge_garage": [60.766749938264006, 60.82170720067875, 59.34222149707965, 58.58533372875543, 58.19446254053325, 58.31592536498927, 50.20612653965962, 51.68526150749953, 59.22498482201827, 63.90212194701301, 57.00162754382475, 53.45712660205594, 61.04896232227602, 60.79165650723735, 62.66530425309543, 58.67611366938929, 53.15231990703857, 45.20942367229953, 44.99013588152822, 48.27079693096684], "Microwave": [64.97790867893238, 64.9269912284318, 64.7581193441666, 64.6000597436364, 64.20261766460564, 63.78318429049343, 63.625062881938824, 63.21941269726778, 63.177572785284056, 63.45073540938658, 63.457884537542164, 63.311692077696726, 63.39132141579851, 63.49728097229462, 63.29089573775366, 63.301914048236675, 62.81181349956066, 62.57266589155284, 61.85847004907784, 62.064060020371514], "Television_Site": [63.349759364136816, 63.11208496270715, 63.63739813158941, 63.113056336190326, 64.24881286412698, 63.73184579232042, 63.0644280470522, 63.49415736383685, 63.10451386035991, 63.07307572578695, 63.093379886319845, 62.70054522807867, 63.07629844142248, 61.40180134724943, 60.39636316365192, 59.265649361595464, 59.76365536328088, 59.180599826983304, 59.095027784613045, 58.1448035919638], "Washer_Dryer_garage": [73.82423707196457, 77.99355028705664, 81.87175132200038, 83.78213047540764, 85.58435626299631, 83.19440935215783, 85.2887589849708, 82.76073978756692, 80.33821518759011, 77.17342910705878, 72.7319083697466, 68.02489886978199, 63.19251103596252, 57.117757014993764, 53.55733286693055, 57.20213551092242, 60.98819800113348, 61.096663901843776, 60.8598839129878, 61.13220104460122], "Washing_Machine": [64.71194619440746, 64.94731080379594, 63.77364192977349, 60.80345489334882, 66.71554315743262, 66.60902858445655, 63.14111532232764, 63.429705186579504, 59.50084554067969, 57.12666529119102, 57.15761537744088, 55.14410368448473, 55.57094957751229, 55.38818843262666, 60.08891225313274, 59.65800399641623, 63.376366878923285, 64.1544225781501, 64.35091210051147, 57.29776692470966]}, "added_edges": [{"name": "Desktop_Computer \u2194 Freezer_garage", "from_node": 0, "to_node": 2, "baseline": 0.12488818913698196, "current": 0.20975609123706818, "increase": 0.08486790210008621}, {"name": "Dishwasher \u2194 Television_Site", "from_node": 1, "to_node": 6, "baseline": 0.04642884433269501, "current": 0.1587301641702652, "increase": 0.11230131983757019}, {"name": "Freezer_garage \u2194 Fridge_garage", "from_node": 2, "to_node": 4, "baseline": 0.3564322590827942, "current": 0.6146341562271118, "increase": 0.2582018971443176}, {"name": "Freezer_garage \u2194 Washer_Dryer_garage", "from_node": 2, "to_node": 7, "baseline": 0.48941901326179504, "current": 0.6244897842407227, "increase": 0.1350707709789276}, {"name": "Fridge_garage \u2194 Washer_Dryer_garage", "from_node": 4, "to_node": 7, "baseline": 0.41922634840011597, "current": 0.5837320685386658, "increase": 0.1645057201385498}], "removed_edges": [{"name": "Freezer_garage \u2194 Fridge_Freezer", "from_node": 2, "to_node": 3, "baseline": 0.44284263253211975, "current": 0.08542713522911072, "decrease": 0.35741549730300903}, {"name": "Fridge_Freezer \u2194 Fridge_garage", "from_node": 3, "to_node": 4, "baseline": 0.24937951564788818, "current": 0.0, "decrease": 0.24937951564788818}, {"name": "Fridge_Freezer \u2194 Television_Site", "from_node": 3, "to_node": 6, "baseline": 0.09319629520177841, "current": 0.0, "decrease": 0.09319629520177841}, {"name": "Fridge_Freezer \u2194 Washer_Dryer_garage", "from_node": 3, "to_node": 7, "baseline": 0.41798731684684753, "current": 0.08542713522911072, "decrease": 0.3325601816177368}, {"name": "Washer_Dryer_garage \u2194 Washing_Machine", "from_node": 7, "to_node": 8, "baseline": 0.09922405332326889, "current": 0.0, "decrease": 0.09922405332326889}], "edge_changes": [{"name": "Freezer_garage \u2194 Fridge_Freezer", "from_node": 2, "to_node": 3, "baseline": 0.44284263253211975, "current": 0.08542713522911072, "delta": -0.35741549730300903}, {"name": "Fridge_Freezer \u2194 Washer_Dryer_garage", "from_node": 3, "to_node": 7, "baseline": 0.41798731684684753, "current": 0.08542713522911072, "delta": -0.3325601816177368}, {"name": "Freezer_garage \u2194 Fridge_garage", "from_node": 2, "to_node": 4, "baseline": 0.3564322590827942, "current": 0.6146341562271118, "delta": 0.2582018971443176}, {"name": "Fridge_Freezer \u2194 Fridge_garage", "from_node": 3, "to_node": 4, "baseline": 0.24937951564788818, "current": 0.0, "delta": -0.24937951564788818}, {"name": "Fridge_garage \u2194 Washer_Dryer_garage", "from_node": 4, "to_node": 7, "baseline": 0.41922634840011597, "current": 0.5837320685386658, "delta": 0.1645057201385498}, {"name": "Freezer_garage \u2194 Washer_Dryer_garage", "from_node": 2, "to_node": 7, "baseline": 0.48941901326179504, "current": 0.6244897842407227, "delta": 0.1350707709789276}, {"name": "Dishwasher \u2194 Television_Site", "from_node": 1, "to_node": 6, "baseline": 0.04642884433269501, "current": 0.1587301641702652, "delta": 0.11230131983757019}, {"name": "Washer_Dryer_garage \u2194 Washing_Machine", "from_node": 7, "to_node": 8, "baseline": 0.09922405332326889, "current": 0.0, "delta": -0.09922405332326889}, {"name": "Fridge_Freezer \u2194 Television_Site", "from_node": 3, "to_node": 6, "baseline": 0.09319629520177841, "current": 0.0, "delta": -0.09319629520177841}, {"name": "Desktop_Computer \u2194 Freezer_garage", "from_node": 0, "to_node": 2, "baseline": 0.12488818913698196, "current": 0.20975609123706818, "delta": 0.08486790210008621}], "isolated_nodes": [5], "connected_nodes": [0, 1, 2, 3, 4, 6, 7, 8], "connectivity_threshold": 0.05}