{"house_id": 11, "timestamp": "2026-07-01 11:46:23", "graph_drift": 0.010611116886138916, "appliances": [{"name": "Computer_Site", "icon": "fa-tv", "health": 63.849983171725576, "severity": "Healthy", "confidence": 0.98, "rul": 90, "root_cause": "Normal Operation", "recommendations": ["General preventative maintenance check"], "drift_ratio": 0.8980636971656055, "normal_error": 0.1512359082698822, "faulty_error": 0.1358194798231125}, {"name": "Dishwasher", "icon": "fa-soap", "health": 58.97862329342459, "severity": "Healthy", "confidence": 0.98, "rul": 3, "root_cause": "Normal Operation", "recommendations": ["General preventative maintenance check"], "drift_ratio": 1.0847980572459741, "normal_error": 0.34152907133102417, "faulty_error": 0.37049007415771484}, {"name": "Fridge", "icon": "fa-snowflake", "health": 41.35720740325994, "severity": "Critical", "confidence": 0.94, "rul": 90, "root_cause": "Compressor efficiency loss & Door Gasket wear", "recommendations": ["Inspect and clean door gasket seals.", "Replace magnetic door gasket strip if cracked.", "Ensure unit is leveled so door closes firmly."], "drift_ratio": 1.656179443054082, "normal_error": 0.24224910140037537, "faulty_error": 0.40120798349380493}, {"name": "Fridge_Freezer", "icon": "fa-snowflake", "health": 57.42586024607487, "severity": "Healthy", "confidence": 0.98, "rul": 4, "root_cause": "Normal Operation", "recommendations": ["General preventative maintenance check"], "drift_ratio": 1.1267776604429147, "normal_error": 0.24870999157428741, "faulty_error": 0.28024086356163025}, {"name": "Hi_Fi", "icon": "fa-plug", "health": 61.21815532521102, "severity": "Healthy", "confidence": 0.98, "rul": 78, "root_cause": "Normal Operation", "recommendations": ["General preventative maintenance check"], "drift_ratio": 1.0393394877653699, "normal_error": 0.1330072581768036, "faulty_error": 0.13823969662189484}, {"name": "Kettle", "icon": "fa-mug-hot", "health": 60.07768735919905, "severity": "Healthy", "confidence": 0.98, "rul": 60, "root_cause": "Normal Operation", "recommendations": ["General preventative maintenance check"], "drift_ratio": 1.039943912328799, "normal_error": 0.1452052891254425, "faulty_error": 0.151005357503891}, {"name": "Microwave", "icon": "fa-temperature-arrow-up", "health": 61.2364062209122, "severity": "Healthy", "confidence": 0.98, "rul": 54, "root_cause": "Normal Operation", "recommendations": ["General preventative maintenance check"], "drift_ratio": 1.124285244748176, "normal_error": 0.12838567793369293, "faulty_error": 0.14434212446212769}, {"name": "Router", "icon": "fa-wifi", "health": 62.71770651208818, "severity": "Healthy", "confidence": 0.98, "rul": 82, "root_cause": "Normal Operation", "recommendations": ["General preventative maintenance check"], "drift_ratio": 1.0360157031566164, "normal_error": 0.1370958387851715, "faulty_error": 0.1420334428548813}, {"name": "Washing_Machine", "icon": "fa-soap", "health": 67.38660952122072, "severity": "Healthy", "confidence": 0.98, "rul": 2, "root_cause": "Normal Operation", "recommendations": ["General preventative maintenance check"], "drift_ratio": 0.8091985121386577, "normal_error": 0.22774365544319153, "faulty_error": 0.1842898279428482}], "appliance_names": ["Computer_Site", "Dishwasher", "Fridge", "Fridge_Freezer", "Hi_Fi", "Kettle", "Microwave", "Router", "Washing_Machine"], "mean_adjacency": [[[1.0, 0.07467348128557205, 0.0650690495967865, 0.05296159163117409, 0.0165691114962101, 0.0, 0.011048163287341595, 0.04236917197704315, 0.06553959101438522], [0.07467348128557205, 1.0, 0.37634769082069397, 0.39014768600463867, 0.017384182661771774, 0.0, 0.035943999886512756, 0.11082500219345093, 0.3236396908760071], [0.0650690495967865, 0.37634769082069397, 1.0, 0.3282706141471863, 0.019388878718018532, 0.0, 0.04904206097126007, 0.12196290493011475, 0.26659780740737915], [0.05296159163117409, 0.39014768600463867, 0.3282706141471863, 1.0, 0.017340023070573807, 0.0, 0.03796415030956268, 0.0964103415608406, 0.322345495223999], [0.0165691114962101, 0.017384182661771774, 0.019388878718018532, 0.017340023070573807, 1.0, 0.0, 0.00937347486615181, 0.008578124456107616, 0.01335782278329134], [0.0, 0.0, 0.0, 0.0, 0.0, 1.0, 0.0, 0.0, 0.0], [0.011048163287341595, 0.035943999886512756, 0.04904206097126007, 0.03796415030956268, 0.00937347486615181, 0.0, 1.0, 0.03805970028042793, 0.023021889850497246], [0.04236917197704315, 0.11082500219345093, 0.12196290493011475, 0.0964103415608406, 0.008578124456107616, 0.0, 0.03805970028042793, 1.0, 0.09672590345144272], [0.06553959101438522, 0.3236396908760071, 0.26659780740737915, 0.322345495223999, 0.01335782278329134, 0.0, 0.023021889850497246, 0.09672590345144272, 1.0]], [[1.0, 0.5130774974822998, 0.4959074854850769, 0.5110005140304565, 0.5046736001968384, 0.5042547583580017, 0.4874979555606842, 0.498729944229126, 0.4915658235549927], [0.5130774974822998, 1.0, 0.5029637813568115, 0.4918062388896942, 0.5077134370803833, 0.5099655985832214, 0.4838477075099945, 0.511846125125885, 0.5018526911735535], [0.4959074854850769, 0.5029637813568115, 1.0, 0.5220667719841003, 0.5113157629966736, 0.5151423811912537, 0.5010483264923096, 0.5217112302780151, 0.488718181848526], [0.5110005140304565, 0.4918062388896942, 0.5220667719841003, 1.0, 0.5091177225112915, 0.49197399616241455, 0.5198755860328674, 0.4939727783203125, 0.5283327698707581], [0.5046736001968384, 0.5077134370803833, 0.5113157629966736, 0.5091177225112915, 1.0, 0.503365159034729, 0.5068702101707458, 0.503024697303772, 0.49146944284439087], [0.5042547583580017, 0.5099655985832214, 0.5151423811912537, 0.49197399616241455, 0.503365159034729, 1.0, 0.5009055733680725, 0.535392701625824, 0.5172401070594788], [0.4874979555606842, 0.4838477075099945, 0.5010483264923096, 0.5198755860328674, 0.5068702101707458, 0.5009055733680725, 1.0, 0.504847526550293, 0.5132024884223938], [0.498729944229126, 0.511846125125885, 0.5217112302780151, 0.4939727783203125, 0.503024697303772, 0.535392701625824, 0.504847526550293, 1.0, 0.5251212120056152], [0.4915658235549927, 0.5018526911735535, 0.488718181848526, 0.5283327698707581, 0.49146944284439087, 0.5172401070594788, 0.5132024884223938, 0.5251212120056152, 1.0]], [[1.0, 0.020643677562475204, 0.021739885210990906, 0.020969277247786522, 0.0022285697050392628, 0.0, 0.006706964690238237, 0.0018565909704193473, 0.014994271099567413], [0.020643677562475204, 1.0, 0.06926499307155609, 0.0825139582157135, 0.0025616842322051525, 0.0, 0.015714218840003014, 0.005187310744076967, 0.10743381828069687], [0.021739885210990906, 0.06926499307155609, 1.0, 0.04676252603530884, 0.0025629939045757055, 0.0, 0.04093410447239876, 0.006613315548747778, 0.05052720755338669], [0.020969277247786522, 0.0825139582157135, 0.04676252603530884, 1.0, 0.0020834270399063826, 0.0, 0.013786889612674713, 0.003928872290998697, 0.07694755494594574], [0.0022285697050392628, 0.0025616842322051525, 0.0025629939045757055, 0.0020834270399063826, 1.0, 0.0, 0.0010745335603132844, 0.002525047631934285, 0.002017358085140586], [0.0, 0.0, 0.0, 0.0, 0.0, 1.0, 0.0, 0.0, 0.0], [0.006706964690238237, 0.015714218840003014, 0.04093410447239876, 0.013786889612674713, 0.0010745335603132844, 0.0, 1.0, 0.003601768985390663, 0.019667157903313637], [0.0018565909704193473, 0.005187310744076967, 0.006613315548747778, 0.003928872290998697, 0.002525047631934285, 0.0, 0.003601768985390663, 1.0, 0.0054901340045034885], [0.014994271099567413, 0.10743381828069687, 0.05052720755338669, 0.07694755494594574, 0.002017358085140586, 0.0, 0.019667157903313637, 0.0054901340045034885, 1.0]], [[1.0, 0.05500637739896774, 0.0359933041036129, 0.03818558529019356, 0.0022321429569274187, 0.0, 0.0012755101779475808, 0.008928571827709675, 0.04105548560619354], [0.05500637739896774, 1.0, 0.33151307702064514, 0.34893175959587097, 0.012675382196903229, 0.0, 0.02973533235490322, 0.08697385340929031, 0.27933672070503235], [0.0359933041036129, 0.33151307702064514, 1.0, 0.27264031767845154, 0.009845344349741936, 0.0, 0.025271045044064522, 0.0675223246216774, 0.2130899280309677], [0.03818558529019356, 0.34893175959587097, 0.27264031767845154, 1.0, 0.010044642724096775, 0.0, 0.026466837152838707, 0.06816007941961288, 0.2778220772743225], [0.0022321429569274187, 0.012675382196903229, 0.009845344349741936, 0.010044642724096775, 1.0, 0.0, 0.0009566326625645161, 0.0012755101779475808, 0.008131377398967743], [0.0, 0.0, 0.0, 0.0, 0.0, 1.0, 0.0, 0.0, 0.0], [0.0012755101779475808, 0.02973533235490322, 0.025271045044064522, 0.026466837152838707, 0.0009566326625645161, 0.0, 1.0, 0.007015306036919355, 0.015625], [0.008928571827709675, 0.08697385340929031, 0.0675223246216774, 0.06816007941961288, 0.0012755101779475808, 0.0, 0.007015306036919355, 1.0, 0.06134406849741936], [0.04105548560619354, 0.27933672070503235, 0.2130899280309677, 0.2778220772743225, 0.008131377398967743, 0.0, 0.015625, 0.06134406849741936, 1.0]]], "injected_nodes": [0, 1, 2, 3, 8], "drift_ratios": [0.8980636971656055, 1.0847980572459741, 1.656179443054082, 1.1267776604429147, 1.0393394877653699, 1.039943912328799, 1.124285244748176, 1.0360157031566164, 0.8091985121386577], "statuses": ["Healthy", "Healthy", "Critical", "Healthy", "Healthy", "Healthy", "Healthy", "Healthy", "Healthy"], "health_history": {"Computer_Site": [52.912005377432855, 52.135544908885784, 55.03115431967883, 51.96004778071826, 53.31446012412865, 57.22904673596124, 56.119514936392456, 61.80947458422899, 60.746374226714416, 60.50900949244766, 61.2165585143652, 64.37738676530581, 62.98783850789882, 63.17476601242238, 62.98140545083792, 62.9884770542532, 63.916871893878515, 64.04188419878574, 63.906210946048866, 63.849983171725576], "Dishwasher": [81.2473205861871, 78.01630885273045, 74.72284070924479, 70.38486149674432, 66.38772714961583, 60.53913765640253, 54.54634488358673, 52.82502939435744, 53.524339900668984, 52.96752009296378, 51.69891994545083, 50.47694885777777, 50.1188544410426, 56.03954062440109, 59.71972869549241, 60.216426680942796, 58.83014351098771, 59.86688197010566, 59.208838396237525, 58.97862329342459], "Fridge": [63.26806040540799, 62.504018205424536, 64.5011188465536, 63.88604564350301, 63.38673291208797, 63.11574158805751, 64.07411911103259, 63.62650425831219, 63.33128445422615, 63.52372488530405, 59.960746551694214, 58.84814007319815, 57.355805967336984, 58.38646599369254, 52.726881235079226, 47.020860734396074, 54.00738820535201, 55.92822489204507, 51.17347933671552, 41.35720740325994], "Fridge_Freezer": [59.970631508145814, 58.85318361949344, 52.702796802598606, 51.32873115582895, 57.37446334792657, 63.93879621872405, 68.4646774908027, 71.78158844667273, 74.38265316655963, 76.13693452093129, 73.39152655669396, 68.5300373940505, 62.67284425508364, 58.6427741720264, 54.27593035086442, 49.1012968027797, 41.179980781399465, 38.04132904627423, 48.66760604549223, 57.42586024607487], "Hi_Fi": [64.78342201592324, 64.51183106179823, 63.977285819464086, 63.89341484740692, 63.576491848174605, 63.44044972866823, 63.3474906096115, 63.15130117684397, 63.04209709953503, 62.838671428287164, 62.65338024723439, 63.12173752662275, 62.40037526438816, 61.76478604729482, 61.47199220375776, 61.14932954222995, 60.70671086499261, 61.516772438651664, 61.16806182682289, 61.21815532521102], "Kettle": [62.70195217066637, 63.87050478464705, 63.64109464325567, 63.30939089289052, 63.437874439184526, 63.2526696658242, 62.920107099824904, 62.64687372396444, 61.12871223550301, 61.47036327704348, 60.90021212352211, 60.78245195409118, 60.630760688068904, 60.47407016957078, 60.42249395726683, 60.00404588833151, 60.2001985912666, 60.19319412247066, 60.065935767287755, 60.07768735919905], "Microwave": [64.74381291867415, 67.87771133255251, 67.78943850663276, 67.6941385899174, 67.5987546362392, 67.50080955607514, 67.40260836326249, 67.30134782482727, 67.19902281819635, 67.09578541025485, 66.98907447451688, 66.88215944901205, 64.13032308130408, 63.57532297005515, 63.529570846441096, 63.48350658553658, 63.19797299644275, 62.74922361851637, 61.31556103636623, 61.2364062209122], "Router": [64.73048896398774, 65.91055412789493, 65.90771836362711, 65.51317945889707, 66.18637425047817, 66.02788827479924, 65.71469082346684, 65.54143149380238, 63.49018825563339, 63.50660048579576, 63.30986885079186, 63.59224447808248, 62.718273664941734, 62.02103941516762, 61.96191861943261, 61.74093239929125, 62.91522824968806, 63.64434822402929, 63.11910209924784, 62.71770651208818], "Washing_Machine": [49.84785668450405, 56.41926125144582, 60.85428043133968, 64.82111906913343, 70.16514544447392, 74.26911216180844, 76.25792683946266, 73.09033439146708, 68.5588474627653, 65.74714564161812, 60.89910990293048, 54.50314942860091, 46.07567288641303, 39.664873856986915, 34.04422854570926, 43.01621439794996, 50.977548820481225, 56.54771878377538, 61.619806947418354, 67.38660952122072]}, "added_edges": [{"name": "Computer_Site \u2194 Hi_Fi", "from_node": 0, "to_node": 4, "baseline": 0.0165691114962101, "current": 0.10000000149011612, "increase": 0.08343088626861572}, {"name": "Computer_Site \u2194 Microwave", "from_node": 0, "to_node": 6, "baseline": 0.011048163287341595, "current": 0.125, "increase": 0.11395183950662613}, {"name": "Computer_Site \u2194 Washing_Machine", "from_node": 0, "to_node": 8, "baseline": 0.06553959101438522, "current": 0.1538461595773697, "increase": 0.08830656856298447}, {"name": "Fridge \u2194 Microwave", "from_node": 2, "to_node": 6, "baseline": 0.04904206097126007, "current": 0.14102564752101898, "increase": 0.09198358654975891}, {"name": "Fridge \u2194 Washing_Machine", "from_node": 2, "to_node": 8, "baseline": 0.26659780740737915, "current": 0.4702380895614624, "increase": 0.20364028215408325}, {"name": "Fridge_Freezer \u2194 Washing_Machine", "from_node": 3, "to_node": 8, "baseline": 0.322345495223999, "current": 0.5617284178733826, "increase": 0.23938292264938354}, {"name": "Microwave \u2194 Washing_Machine", "from_node": 6, "to_node": 8, "baseline": 0.023021889850497246, "current": 0.14141413569450378, "increase": 0.11839224398136139}, {"name": "Router \u2194 Washing_Machine", "from_node": 7, "to_node": 8, "baseline": 0.09672590345144272, "current": 0.1782178282737732, "increase": 0.08149192482233047}], "removed_edges": [{"name": "Dishwasher \u2194 Washing_Machine", "from_node": 1, "to_node": 8, "baseline": 0.3236396908760071, "current": 0.12851405143737793, "decrease": 0.19512563943862915}], "edge_changes": [{"name": "Fridge_Freezer \u2194 Washing_Machine", "from_node": 3, "to_node": 8, "baseline": 0.322345495223999, "current": 0.5617284178733826, "delta": 0.23938292264938354}, {"name": "Fridge \u2194 Washing_Machine", "from_node": 2, "to_node": 8, "baseline": 0.26659780740737915, "current": 0.4702380895614624, "delta": 0.20364028215408325}, {"name": "Dishwasher \u2194 Washing_Machine", "from_node": 1, "to_node": 8, "baseline": 0.3236396908760071, "current": 0.12851405143737793, "delta": -0.19512563943862915}, {"name": "Microwave \u2194 Washing_Machine", "from_node": 6, "to_node": 8, "baseline": 0.023021889850497246, "current": 0.14141413569450378, "delta": 0.11839224398136139}, {"name": "Computer_Site \u2194 Microwave", "from_node": 0, "to_node": 6, "baseline": 0.011048163287341595, "current": 0.125, "delta": 0.11395183950662613}, {"name": "Fridge \u2194 Microwave", "from_node": 2, "to_node": 6, "baseline": 0.04904206097126007, "current": 0.14102564752101898, "delta": 0.09198358654975891}, {"name": "Computer_Site \u2194 Washing_Machine", "from_node": 0, "to_node": 8, "baseline": 0.06553959101438522, "current": 0.1538461595773697, "delta": 0.08830656856298447}, {"name": "Computer_Site \u2194 Hi_Fi", "from_node": 0, "to_node": 4, "baseline": 0.0165691114962101, "current": 0.10000000149011612, "delta": 0.08343088626861572}, {"name": "Router \u2194 Washing_Machine", "from_node": 7, "to_node": 8, "baseline": 0.09672590345144272, "current": 0.1782178282737732, "delta": 0.08149192482233047}, {"name": "Computer_Site \u2194 Dishwasher", "from_node": 0, "to_node": 1, "baseline": 0.07467348128557205, "current": 0.0, "delta": -0.07467348128557205}], "isolated_nodes": [4, 5, 6], "connected_nodes": [0, 1, 2, 3, 7, 8], "connectivity_threshold": 0.05}