{"house_id": 21, "timestamp": "2026-07-01 11:46:32", "graph_drift": 0.04281371831893921, "appliances": [{"name": "Dishwasher", "icon": "fa-soap", "health": 65.56236362845189, "severity": "Healthy", "confidence": 0.98, "rul": 14, "root_cause": "Normal Operation", "recommendations": ["General preventative maintenance check"], "drift_ratio": 0.8357895634431773, "normal_error": 0.3555677533149719, "faulty_error": 0.29717981815338135}, {"name": "Food_Mixer", "icon": "fa-plug", "health": 64.49458214140898, "severity": "Healthy", "confidence": 0.98, "rul": 120, "root_cause": "Normal Operation", "recommendations": ["General preventative maintenance check"], "drift_ratio": 1.0248898019050898, "normal_error": 0.1366540938615799, "faulty_error": 0.14005538821220398}, {"name": "Fridge_Freezer", "icon": "fa-snowflake", "health": 53.395084596974826, "severity": "Minor", "confidence": 0.94, "rul": 10, "root_cause": "Compressor efficiency loss & Door Gasket wear", "recommendations": ["Inspect and clean door gasket seals.", "Replace magnetic door gasket strip if cracked.", "Ensure unit is leveled so door closes firmly."], "drift_ratio": 1.2918215530749408, "normal_error": 0.24683083593845367, "faulty_error": 0.3188613951206207}, {"name": "Kettle_Toaster", "icon": "fa-mug-hot", "health": 62.4993175959612, "severity": "Healthy", "confidence": 0.98, "rul": 120, "root_cause": "Normal Operation", "recommendations": ["General preventative maintenance check"], "drift_ratio": 1.0490309472937887, "normal_error": 0.1419719010591507, "faulty_error": 0.14893291890621185}, {"name": "Pond_Pump", "icon": "fa-plug", "health": 61.891885117355734, "severity": "Healthy", "confidence": 0.98, "rul": 86, "root_cause": "Normal Operation", "recommendations": ["General preventative maintenance check"], "drift_ratio": 1.0471976775274314, "normal_error": 0.13650764524936676, "faulty_error": 0.14295049011707306}, {"name": "Television", "icon": "fa-tv", "health": 63.77307576870854, "severity": "Healthy", "confidence": 0.98, "rul": 90, "root_cause": "Normal Operation", "recommendations": ["General preventative maintenance check"], "drift_ratio": 0.9572939892745959, "normal_error": 0.14318595826625824, "faulty_error": 0.13707105815410614}, {"name": "Tumble_Dryer", "icon": "fa-soap", "health": 64.01740227314585, "severity": "Healthy", "confidence": 0.98, "rul": 90, "root_cause": "Normal Operation", "recommendations": ["General preventative maintenance check"], "drift_ratio": 0.986722391761933, "normal_error": 0.24117077887058258, "faulty_error": 0.23796860873699188}, {"name": "Vivarium", "icon": "fa-plug", "health": 62.463451530615274, "severity": "Healthy", "confidence": 0.98, "rul": 120, "root_cause": "Normal Operation", "recommendations": ["General preventative maintenance check"], "drift_ratio": 1.007158546909266, "normal_error": 0.14950591325759888, "faulty_error": 0.1505761593580246}, {"name": "Washing_Machine", "icon": "fa-soap", "health": 22.994021668054685, "severity": "Critical", "confidence": 0.89, "rul": 90, "root_cause": "Motor windings overheat / Drum Imbalance", "recommendations": ["Re-level appliance feet to damp vibrations.", "Check drum suspension springs and shock dampers.", "Advise user to balance heavy laundry loads."], "drift_ratio": 2.025572245149371, "normal_error": 0.19522936642169952, "faulty_error": 0.3954511880874634}], "appliance_names": ["Dishwasher", "Food_Mixer", "Fridge_Freezer", "Kettle_Toaster", "Pond_Pump", "Television", "Tumble_Dryer", "Vivarium", "Washing_Machine"], "mean_adjacency": [[[1.0, 0.09632742404937744, 0.3546496629714966, 0.0, 0.02458948642015457, 0.06389416009187698, 0.3752211630344391, 0.10368940234184265, 0.08413241803646088], [0.09632742404937744, 1.0, 0.07028640061616898, 0.0, 0.009219948202371597, 0.012112037278711796, 0.09479153156280518, 0.059150952845811844, 0.014783591032028198], [0.3546496629714966, 0.07028640061616898, 1.0, 0.0, 0.023798681795597076, 0.0630798414349556, 0.3316214680671692, 0.10659349709749222, 0.1665259450674057], [0.0, 0.0, 0.0, 1.0, 0.0, 0.0, 0.0, 0.0, 0.0], [0.02458948642015457, 0.009219948202371597, 0.023798681795597076, 0.0, 1.0, 0.0037462683394551277, 0.016681695356965065, 0.015208171680569649, 0.009279615245759487], [0.06389416009187698, 0.012112037278711796, 0.0630798414349556, 0.0, 0.0037462683394551277, 1.0, 0.05550752952694893, 0.019947895780205727, 0.018908770754933357], [0.3752211630344391, 0.09479153156280518, 0.3316214680671692, 0.0, 0.016681695356965065, 0.05550752952694893, 1.0, 0.10260920226573944, 0.13707053661346436], [0.10368940234184265, 0.059150952845811844, 0.10659349709749222, 0.0, 0.015208171680569649, 0.019947895780205727, 0.10260920226573944, 1.0, 0.05415699630975723], [0.08413241803646088, 0.014783591032028198, 0.1665259450674057, 0.0, 0.009279615245759487, 0.018908770754933357, 0.13707053661346436, 0.05415699630975723, 1.0]], [[1.0, 0.5330322980880737, 0.5148740410804749, 0.5189818739891052, 0.5182309150695801, 0.5244480967521667, 0.48115575313568115, 0.5123957395553589, 0.44125890731811523], [0.5330322980880737, 1.0, 0.4950692057609558, 0.4883577823638916, 0.48350271582603455, 0.4808849096298218, 0.4965919256210327, 0.5124091506004333, 0.4894580543041229], [0.5148740410804749, 0.4950692057609558, 1.0, 0.5239415168762207, 0.5276303887367249, 0.5026170015335083, 0.5002370476722717, 0.4972851574420929, 0.5385884046554565], [0.5189818739891052, 0.4883577823638916, 0.5239415168762207, 1.0, 0.48271340131759644, 0.4978538751602173, 0.5185331106185913, 0.5060650110244751, 0.5028101205825806], [0.5182309150695801, 0.48350271582603455, 0.5276303887367249, 0.48271340131759644, 1.0, 0.49611029028892517, 0.5069323182106018, 0.4927036762237549, 0.4944702982902527], [0.5244480967521667, 0.4808849096298218, 0.5026170015335083, 0.4978538751602173, 0.49611029028892517, 1.0, 0.49345502257347107, 0.48478949069976807, 0.4936087131500244], [0.48115575313568115, 0.4965919256210327, 0.5002370476722717, 0.5185331106185913, 0.5069323182106018, 0.49345502257347107, 1.0, 0.5049413442611694, 0.5439348220825195], [0.5123957395553589, 0.5124091506004333, 0.4972851574420929, 0.5060650110244751, 0.4927036762237549, 0.48478949069976807, 0.5049413442611694, 1.0, 0.5107571482658386], [0.44125890731811523, 0.4894580543041229, 0.5385884046554565, 0.5028101205825806, 0.4944702982902527, 0.4936087131500244, 0.5439348220825195, 0.5107571482658386, 1.0]], [[1.0, 0.021908074617385864, 0.05352220684289932, 0.0, 0.0035864482633769512, 0.02387370727956295, 0.0963129773736, 0.005687323398888111, 0.07078193873167038], [0.021908074617385864, 1.0, 0.041730090975761414, 0.0, 0.0021674283780157566, 0.007962826639413834, 0.021580517292022705, 0.002432038774713874, 0.007951970212161541], [0.05352220684289932, 0.041730090975761414, 1.0, 0.0, 0.004625972360372543, 0.033607471734285355, 0.04966112598776817, 0.005203740671277046, 0.02221781387925148], [0.0, 0.0, 0.0, 1.0, 0.0, 0.0, 0.0, 0.0, 0.0], [0.0035864482633769512, 0.0021674283780157566, 0.004625972360372543, 0.0, 1.0, 0.0017092563211917877, 0.0028828061185777187, 0.002860479988157749, 0.0012868435587733984], [0.02387370727956295, 0.007962826639413834, 0.033607471734285355, 0.0, 0.0017092563211917877, 1.0, 0.024491172283887863, 0.004145430400967598, 0.016569359228014946], [0.0963129773736, 0.021580517292022705, 0.04966112598776817, 0.0, 0.0028828061185777187, 0.024491172283887863, 1.0, 0.005083784461021423, 0.07807006686925888], [0.005687323398888111, 0.002432038774713874, 0.005203740671277046, 0.0, 0.002860479988157749, 0.004145430400967598, 0.005083784461021423, 1.0, 0.0026741879992187023], [0.07078193873167038, 0.007951970212161541, 0.02221781387925148, 0.0, 0.0012868435587733984, 0.016569359228014946, 0.07807006686925888, 0.0026741879992187023, 1.0]], [[1.0, 0.06691919267177582, 0.29746684432029724, 0.0, 0.015348800458014011, 0.04135100916028023, 0.3411853015422821, 0.0776909738779068, 0.0802951380610466], [0.06691919267177582, 1.0, 0.03705018758773804, 0.0, 0.0012626262614503503, 0.0019728534389287233, 0.058435920625925064, 0.01278409082442522, 0.010692866519093513], [0.29746684432029724, 0.03705018758773804, 1.0, 0.0, 0.011600378900766373, 0.030934343114495277, 0.265625, 0.057922977954149246, 0.14307133853435516], [0.0, 0.0, 0.0, 1.0, 0.0, 0.0, 0.0, 0.0, 0.0], [0.015348800458014011, 0.0012626262614503503, 0.011600378900766373, 0.0, 1.0, 0.00031565656536258757, 0.009666982106864452, 0.002051767660304904, 0.006036931648850441], [0.04135100916028023, 0.0019728534389287233, 0.030934343114495277, 0.0, 0.00031565656536258757, 1.0, 0.037563130259513855, 0.004103535320609808, 0.013888888992369175], [0.3411853015422821, 0.058435920625925064, 0.265625, 0.0, 0.009666982106864452, 0.037563130259513855, 1.0, 0.06877367198467255, 0.11138731241226196], [0.0776909738779068, 0.01278409082442522, 0.057922977954149246, 0.0, 0.002051767660304904, 0.004103535320609808, 0.06877367198467255, 1.0, 0.038865216076374054], [0.0802951380610466, 0.010692866519093513, 0.14307133853435516, 0.0, 0.006036931648850441, 0.013888888992369175, 0.11138731241226196, 0.038865216076374054, 1.0]]], "injected_nodes": [0, 2, 5, 6, 8], "drift_ratios": [0.8357895634431773, 1.0248898019050898, 1.2918215530749408, 1.0490309472937887, 1.0471976775274314, 0.9572939892745959, 0.986722391761933, 1.007158546909266, 2.025572245149371], "statuses": ["Healthy", "Healthy", "Minor", "Healthy", "Healthy", "Healthy", "Healthy", "Healthy", "Critical"], "health_history": {"Dishwasher": [69.2261072212771, 68.29233639385795, 63.75711342313911, 62.58860912935638, 56.30344089720133, 54.7696110833677, 54.60892490697898, 53.98272609789673, 55.17058056031568, 55.20793747163783, 53.16323281468113, 46.553680745356196, 46.6956452968695, 53.19494319276746, 56.15356774562074, 56.389503042911585, 54.7175110219638, 54.96159666692223, 60.63176936450081, 65.56236362845189], "Food_Mixer": [64.41934386419894, 64.490430569051, 64.63193534517245, 64.98604671263088, 67.394174002937, 68.44344330731404, 68.29345595091065, 68.14027841902383, 67.98333085145615, 65.48842096626393, 65.78691864104343, 65.27870045434597, 65.45103037190609, 62.84255099502121, 63.293338467834836, 62.93455422047939, 63.417315222353906, 64.67988430599121, 64.65869202125212, 64.49458214140898], "Fridge_Freezer": [59.74703081983249, 58.55564315310584, 64.60740768618629, 65.64650803538731, 61.80038099489473, 55.01537356609105, 59.26963506059063, 65.67752654138258, 65.88549558368521, 59.59446036750984, 51.22280909531768, 53.700073044421714, 60.313831836138306, 62.52705734128672, 55.40325517027008, 46.44577622341131, 48.87749467347218, 57.4880986466026, 59.27289328871652, 53.395084596974826], "Kettle_Toaster": [64.63582099105966, 65.02579778050502, 64.83212823125113, 64.88096866216803, 65.25197133629138, 64.90829484011746, 64.84826579700157, 64.86926226711074, 64.72911195474697, 65.00836950965851, 65.19807689443147, 64.4298859913435, 63.98882504526192, 64.70515136537651, 64.24641451316836, 62.98583837618193, 62.755867746101345, 62.58459418149393, 62.29872926706448, 62.4993175959612], "Pond_Pump": [65.6512203838926, 65.04738525541617, 65.07711462559087, 64.84717280402978, 64.78690766841774, 64.55579399167205, 64.01646253942448, 63.994777259923715, 64.1914026427281, 64.07903166150118, 63.598602814939156, 63.1325579942193, 62.94700366361655, 62.11834712487714, 63.04829962025139, 62.559977633852775, 62.30807246545898, 62.43558222671473, 61.982042491151205, 61.891885117355734], "Television": [60.520050515439195, 61.100095105352935, 61.53554994299153, 60.812258551871054, 60.74550482574304, 60.288424931457314, 62.95785327263195, 64.82992706200389, 64.75546219748304, 64.73388046183811, 64.37532434138981, 60.6989701928269, 61.181900910611404, 60.91291293136248, 62.712786363147124, 62.66816179260102, 61.9179523060183, 62.07154495020664, 61.70444671577771, 63.77307576870854], "Tumble_Dryer": [55.355626235832716, 57.79061240523133, 58.78094592273835, 58.271050225791896, 57.33892496731446, 57.504933642269265, 57.19356880076972, 54.66844252102281, 49.705959742524556, 49.803877777707186, 57.23076855135339, 64.30439913750655, 68.32377473237021, 71.53940138548904, 74.64446974898708, 76.94392580346391, 77.90069617834862, 75.12607020257619, 70.51835272564668, 64.01740227314585], "Vivarium": [63.66608524920269, 62.7709504934842, 62.86040304874932, 62.21635282307673, 63.0476364109678, 63.00358805748024, 62.26210248756929, 62.764769311142885, 62.94230371477172, 63.46764477933773, 62.81014008104481, 63.738260954065495, 62.47630051482117, 62.53626987042102, 63.278721250072806, 61.945476622649515, 62.76684951673852, 61.91765758746076, 61.690874316355284, 62.463451530615274], "Washing_Machine": [75.93708697100624, 69.89467690837114, 69.77051920859303, 69.64354686525166, 69.51445628500187, 69.38085356996767, 69.24069302560052, 69.09805443421993, 68.95250834505545, 73.58386794876293, 69.05361788625316, 66.24746758248784, 62.170920652209205, 57.02350340541403, 49.224485901726055, 42.930269701177416, 36.94210681525896, 30.328872529522783, 28.96869747842466, 22.994021668054685]}, "added_edges": [{"name": "Dishwasher \u2194 Washing_Machine", "from_node": 0, "to_node": 8, "baseline": 0.08413241803646088, "current": 0.5349794030189514, "increase": 0.45084697008132935}, {"name": "Fridge_Freezer \u2194 Washing_Machine", "from_node": 2, "to_node": 8, "baseline": 0.1665259450674057, "current": 0.5210084319114685, "increase": 0.3544824719429016}, {"name": "Tumble_Dryer \u2194 Washing_Machine", "from_node": 6, "to_node": 8, "baseline": 0.13707053661346436, "current": 0.38333332538604736, "increase": 0.246262788772583}], "removed_edges": [{"name": "Dishwasher \u2194 Food_Mixer", "from_node": 0, "to_node": 1, "baseline": 0.09632742404937744, "current": 0.0, "decrease": 0.09632742404937744}, {"name": "Dishwasher \u2194 Fridge_Freezer", "from_node": 0, "to_node": 2, "baseline": 0.3546496629714966, "current": 0.16143497824668884, "decrease": 0.19321468472480774}, {"name": "Dishwasher \u2194 Tumble_Dryer", "from_node": 0, "to_node": 6, "baseline": 0.3752211630344391, "current": 0.1865285038948059, "decrease": 0.18869265913963318}, {"name": "Food_Mixer \u2194 Tumble_Dryer", "from_node": 1, "to_node": 6, "baseline": 0.09479153156280518, "current": 0.0, "decrease": 0.09479153156280518}], "edge_changes": [{"name": "Dishwasher \u2194 Washing_Machine", "from_node": 0, "to_node": 8, "baseline": 0.08413241803646088, "current": 0.5349794030189514, "delta": 0.45084697008132935}, {"name": "Fridge_Freezer \u2194 Washing_Machine", "from_node": 2, "to_node": 8, "baseline": 0.1665259450674057, "current": 0.5210084319114685, "delta": 0.3544824719429016}, {"name": "Tumble_Dryer \u2194 Washing_Machine", "from_node": 6, "to_node": 8, "baseline": 0.13707053661346436, "current": 0.38333332538604736, "delta": 0.246262788772583}, {"name": "Dishwasher \u2194 Fridge_Freezer", "from_node": 0, "to_node": 2, "baseline": 0.3546496629714966, "current": 0.16143497824668884, "delta": -0.19321468472480774}, {"name": "Dishwasher \u2194 Tumble_Dryer", "from_node": 0, "to_node": 6, "baseline": 0.3752211630344391, "current": 0.1865285038948059, "delta": -0.18869265913963318}, {"name": "Dishwasher \u2194 Food_Mixer", "from_node": 0, "to_node": 1, "baseline": 0.09632742404937744, "current": 0.0, "delta": -0.09632742404937744}, {"name": "Food_Mixer \u2194 Tumble_Dryer", "from_node": 1, "to_node": 6, "baseline": 0.09479153156280518, "current": 0.0, "delta": -0.09479153156280518}, {"name": "Vivarium \u2194 Washing_Machine", "from_node": 7, "to_node": 8, "baseline": 0.05415699630975723, "current": 0.1260504275560379, "delta": 0.07189343124628067}, {"name": "Dishwasher \u2194 Television", "from_node": 0, "to_node": 5, "baseline": 0.06389416009187698, "current": 0.0, "delta": -0.06389416009187698}, {"name": "Fridge_Freezer \u2194 Television", "from_node": 2, "to_node": 5, "baseline": 0.0630798414349556, "current": 0.0, "delta": -0.0630798414349556}], "isolated_nodes": [3, 4], "connected_nodes": [0, 1, 2, 5, 6, 7, 8], "connectivity_threshold": 0.05}