{"house_id": 16, "timestamp": "2026-07-01 11:46:28", "graph_drift": 0.007641255855560303, "appliances": [{"name": "Computer_Site", "icon": "fa-tv", "health": 61.72003348135117, "severity": "Healthy", "confidence": 0.98, "rul": 73, "root_cause": "Normal Operation", "recommendations": ["General preventative maintenance check"], "drift_ratio": 1.0950275094329436, "normal_error": 0.14870674908161163, "faulty_error": 0.16283798217773438}, {"name": "Dehumidifier_Heater", "icon": "fa-plug", "health": 60.12407631141718, "severity": "Healthy", "confidence": 0.98, "rul": 73, "root_cause": "Normal Operation", "recommendations": ["General preventative maintenance check"], "drift_ratio": 1.0546145942868328, "normal_error": 0.12836946547031403, "faulty_error": 0.1353803128004074}, {"name": "Dishwasher", "icon": "fa-soap", "health": 52.301955232967536, "severity": "Minor", "confidence": 0.8, "rul": 37, "root_cause": "Standby board current leakage", "recommendations": ["Perform general physical inspection.", "Check for standard utility connection tightness.", "Update control firmware if applicable."], "drift_ratio": 1.2139981141013187, "normal_error": 0.1374320387840271, "faulty_error": 0.1668422371149063}, {"name": "Electric_Heater_1", "icon": "fa-plug", "health": 64.42536788922962, "severity": "Healthy", "confidence": 0.98, "rul": 2, "root_cause": "Normal Operation", "recommendations": ["General preventative maintenance check"], "drift_ratio": 0.8434690999259216, "normal_error": 0.24205894768238068, "faulty_error": 0.20416924357414246}, {"name": "Electric_Heater_2", "icon": "fa-plug", "health": 58.3293865857717, "severity": "Moderate", "confidence": 0.65, "rul": 31, "root_cause": "Generic hardware degradation", "recommendations": ["Perform general physical inspection.", "Check for standard utility connection tightness.", "Update control firmware if applicable."], "drift_ratio": 1.3365645044632353, "normal_error": 0.19042858481407166, "faulty_error": 0.25452008843421936}, {"name": "Fridge_Freezer_1", "icon": "fa-snowflake", "health": 54.34237475426266, "severity": "Moderate", "confidence": 0.85, "rul": 15, "root_cause": "Compressor electrical motor wear", "recommendations": ["Clean dust from condenser coils.", "Verify condenser fan is rotating freely.", "Check compressor current draw against rated plate value."], "drift_ratio": 1.3658278403299073, "normal_error": 0.23260498046875, "faulty_error": 0.3176983594894409}, {"name": "Fridge_Freezer_2", "icon": "fa-snowflake", "health": 70.93359951486124, "severity": "Healthy", "confidence": 0.98, "rul": 90, "root_cause": "Normal Operation", "recommendations": ["General preventative maintenance check"], "drift_ratio": 0.7455781655086378, "normal_error": 0.2591155171394348, "faulty_error": 0.19319087266921997}, {"name": "Television_Site", "icon": "fa-tv", "health": 60.97479096613031, "severity": "Healthy", "confidence": 0.98, "rul": 63, "root_cause": "Normal Operation", "recommendations": ["General preventative maintenance check"], "drift_ratio": 1.090807208475981, "normal_error": 0.1406049132347107, "faulty_error": 0.1533728539943695}, {"name": "Washing_Machine", "icon": "fa-soap", "health": 59.94851235592923, "severity": "Healthy", "confidence": 0.98, "rul": 62, "root_cause": "Normal Operation", "recommendations": ["General preventative maintenance check"], "drift_ratio": 1.0647331683916075, "normal_error": 0.14046849310398102, "faulty_error": 0.14956146478652954}], "appliance_names": ["Computer_Site", "Dehumidifier_Heater", "Dishwasher", "Electric_Heater_1", "Electric_Heater_2", "Fridge_Freezer_1", "Fridge_Freezer_2", "Television_Site", "Washing_Machine"], "mean_adjacency": [[[1.0, 0.0, 0.032708540558815, 0.09749482572078705, 0.0, 0.14756560325622559, 0.1387731432914734, 0.06117868795990944, 0.04548406973481178], [0.0, 1.0, 0.0, 0.0, 0.0, 0.0, 0.0, 0.0, 0.0], [0.032708540558815, 0.0, 1.0, 0.01588338613510132, 0.0, 0.03984196111559868, 0.035291992127895355, 0.01458718441426754, 0.021567383781075478], [0.09749482572078705, 0.0, 0.01588338613510132, 1.0, 0.0, 0.22845442593097687, 0.3010118901729584, 0.07385720312595367, 0.0415029339492321], [0.0, 0.0, 0.0, 0.0, 1.0, 0.0, 0.0, 0.0, 0.0], [0.14756560325622559, 0.0, 0.03984196111559868, 0.22845442593097687, 0.0, 1.0, 0.3104395568370819, 0.10783503949642181, 0.09237688779830933], [0.1387731432914734, 0.0, 0.035291992127895355, 0.3010118901729584, 0.0, 0.3104395568370819, 1.0, 0.08516784757375717, 0.04427192732691765], [0.06117868795990944, 0.0, 0.01458718441426754, 0.07385720312595367, 0.0, 0.10783503949642181, 0.08516784757375717, 1.0, 0.04165292903780937], [0.04548406973481178, 0.0, 0.021567383781075478, 0.0415029339492321, 0.0, 0.09237688779830933, 0.04427192732691765, 0.04165292903780937, 1.0]], [[1.0, 0.49882596731185913, 0.5023744106292725, 0.49712589383125305, 0.5094887018203735, 0.5067211389541626, 0.5037794709205627, 0.49671098589897156, 0.49556347727775574], [0.49882596731185913, 1.0, 0.5080414414405823, 0.5119163990020752, 0.49820461869239807, 0.5056052207946777, 0.504168689250946, 0.48914816975593567, 0.5067655444145203], [0.5023744106292725, 0.5080414414405823, 1.0, 0.4995015263557434, 0.4988318383693695, 0.5052908062934875, 0.5132225155830383, 0.4902253746986389, 0.5022255182266235], [0.49712589383125305, 0.5119163990020752, 0.4995015263557434, 1.0, 0.4669089913368225, 0.4543943405151367, 0.5447197556495667, 0.5061930418014526, 0.4927468001842499], [0.5094887018203735, 0.49820461869239807, 0.4988318383693695, 0.4669089913368225, 1.0, 0.5693939924240112, 0.6330615282058716, 0.5080100893974304, 0.5204796195030212], [0.5067211389541626, 0.5056052207946777, 0.5052908062934875, 0.4543943405151367, 0.5693939924240112, 1.0, 0.5058642625808716, 0.5056284070014954, 0.5450893044471741], [0.5037794709205627, 0.504168689250946, 0.5132225155830383, 0.5447197556495667, 0.6330615282058716, 0.5058642625808716, 1.0, 0.4979141354560852, 0.48645201325416565], [0.49671098589897156, 0.48914816975593567, 0.4902253746986389, 0.5061930418014526, 0.5080100893974304, 0.5056284070014954, 0.4979141354560852, 1.0, 0.48947253823280334], [0.49556347727775574, 0.5067655444145203, 0.5022255182266235, 0.4927468001842499, 0.5204796195030212, 0.5450893044471741, 0.48645201325416565, 0.48947253823280334, 1.0]], [[1.0, 0.0, 0.0011332374997437, 0.002624026034027338, 0.0, 0.004170370288193226, 0.005812883842736483, 0.0040199426002800465, 0.0043801977299153805], [0.0, 1.0, 0.0, 0.0, 0.0, 0.0, 0.0, 0.0, 0.0], [0.0011332374997437, 0.0, 1.0, 0.01821308583021164, 0.0, 0.014459309168159962, 0.011513345874845982, 0.0021702225785702467, 0.005456455051898956], [0.002624026034027338, 0.0, 0.01821308583021164, 1.0, 0.0, 0.03309895098209381, 0.11906461417675018, 0.003895593574270606, 0.015166631899774075], [0.0, 0.0, 0.0, 0.0, 1.0, 0.0, 0.0, 0.0, 0.0], [0.004170370288193226, 0.0, 0.014459309168159962, 0.03309895098209381, 0.0, 1.0, 0.025837549939751625, 0.003770745825022459, 0.0457693412899971], [0.005812883842736483, 0.0, 0.011513345874845982, 0.11906461417675018, 0.0, 0.025837549939751625, 1.0, 0.007630123291164637, 0.01623576320707798], [0.0040199426002800465, 0.0, 0.0021702225785702467, 0.003895593574270606, 0.0, 0.003770745825022459, 0.007630123291164637, 1.0, 0.0027948638889938593], [0.0043801977299153805, 0.0, 0.005456455051898956, 0.015166631899774075, 0.0, 0.0457693412899971, 0.01623576320707798, 0.0027948638889938593, 1.0]], [[1.0, 0.0, 0.007731958758085966, 0.07067493349313736, 0.0, 0.08509181439876556, 0.10518685728311539, 0.016430411487817764, 0.010752255097031593], [0.0, 1.0, 0.0, 0.0, 0.0, 0.0, 0.0, 0.0, 0.0], [0.007731958758085966, 0.0, 1.0, 0.011597937904298306, 0.0, 0.020135309547185898, 0.025773195549845695, 0.002577319508418441, 0.0028994844760745764], [0.07067493349313736, 0.0, 0.011597937904298306, 1.0, 0.0, 0.19362112879753113, 0.24057666957378387, 0.05013692006468773, 0.028189433738589287], [0.0, 0.0, 0.0, 0.0, 1.0, 0.0, 0.0, 0.0, 0.0], [0.08509181439876556, 0.0, 0.020135309547185898, 0.19362112879753113, 0.0, 1.0, 0.2672761082649231, 0.05875483155250549, 0.04647229239344597], [0.10518685728311539, 0.0, 0.025773195549845695, 0.24057666957378387, 0.0, 0.2672761082649231, 1.0, 0.06338595598936081, 0.03286082297563553], [0.016430411487817764, 0.0, 0.002577319508418441, 0.05013692006468773, 0.0, 0.05875483155250549, 0.06338595598936081, 1.0, 0.007611147128045559], [0.010752255097031593, 0.0, 0.0028994844760745764, 0.028189433738589287, 0.0, 0.04647229239344597, 0.03286082297563553, 0.007611147128045559, 1.0]]], "injected_nodes": [0, 5, 6, 7, 8], "drift_ratios": [1.0950275094329436, 1.0546145942868328, 1.2139981141013187, 0.8434690999259216, 1.3365645044632353, 1.3658278403299073, 0.7455781655086378, 1.090807208475981, 1.0647331683916075], "statuses": ["Healthy", "Healthy", "Minor", "Healthy", "Moderate", "Moderate", "Healthy", "Healthy", "Healthy"], "health_history": {"Computer_Site": [68.00236169982837, 67.81099465499898, 66.80425267105554, 66.03168047623527, 66.25443760139993, 65.72364363834185, 65.4704912752496, 64.90049211421001, 65.8412277055904, 64.87455965525209, 64.74041006072918, 65.20966041019383, 64.71898241633559, 64.27998368318333, 64.44769870006675, 63.73832702186394, 62.92833263887027, 64.06291537516681, 62.968718336469365, 61.72003348135117], "Dehumidifier_Heater": [64.05083401545414, 64.1046246156329, 63.49125464385854, 63.32606432737796, 63.43088259004933, 62.98074759124613, 62.837820978360405, 62.40082913587357, 62.960215387122574, 62.405376242216455, 62.138997447761, 61.702813199450894, 62.04759446553077, 61.24292342859455, 61.52215350429707, 61.14540643175464, 61.06481379983572, 60.30905487977699, 60.495591578206025, 60.12407631141718], "Dishwasher": [65.44235388886216, 56.02286172813141, 55.86136749688862, 55.688217769149475, 55.50642866023539, 55.3220111005398, 64.17803285252492, 60.07170260370202, 59.9116567894215, 59.988678491414944, 55.810962586601754, 54.69126385392187, 54.54493966033387, 54.68928293072347, 54.73278230014024, 59.888379876827905, 59.13245958432095, 59.6852649581694, 52.56445524707895, 52.301955232967536], "Electric_Heater_1": [61.33523337277252, 64.51602609789072, 68.1402903129405, 72.79453012969756, 71.42670944481617, 69.3862259862978, 64.2022988971307, 60.288944642073126, 56.179181144795834, 51.23057801650734, 43.902272855322046, 35.80845276086012, 40.6427575341445, 42.304375517168765, 49.0850497429702, 54.339648017564066, 58.783512601197614, 62.34506357135235, 65.3242023430358, 64.42536788922962], "Electric_Heater_2": [73.52738132817454, 71.34298493951383, 70.76488980200196, 70.03247201651683, 69.45196894215235, 70.75168152427136, 73.23574040898869, 73.74088018313591, 74.28602537623891, 73.48059855503783, 71.42853866752581, 70.86885558617075, 70.11749390032024, 66.29835235396077, 63.35148166307294, 64.21534791625757, 64.13596650864795, 64.02922440012426, 63.06262682685131, 58.3293865857717], "Fridge_Freezer_1": [65.76557407240847, 70.96380861826016, 71.6786697846934, 66.78774718285428, 59.70771497466603, 60.422287038345736, 67.1755003619138, 69.34489530197318, 62.93023843481911, 55.03680813428073, 51.648609522830554, 57.72855178793992, 65.44046196478514, 62.830598635435, 54.744861466243506, 51.19045661103045, 58.3567827788985, 65.18824443959038, 62.674847203841, 54.34237475426266], "Fridge_Freezer_2": [63.86518051785634, 59.30426379412659, 51.930173667484326, 46.112104778060214, 46.56791889776527, 48.78208073343494, 49.948331037470574, 51.9774069437983, 51.051537876063406, 50.084089714797145, 48.38380834858248, 46.59459803143417, 49.52285042016384, 57.42369425874235, 65.38939081157633, 69.57575940192288, 72.31065981376126, 74.74369143299613, 72.26131462619384, 70.93359951486124], "Television_Site": [64.62378680808847, 65.37390337931043, 66.06635425806672, 66.1468223355997, 65.72403411576529, 65.92943378424728, 65.72859914263942, 65.7720389374043, 66.1304883357876, 65.61082220759695, 65.21598909004075, 64.50818622306738, 64.48853461651538, 64.2605676391008, 62.424475156509516, 61.74290981941073, 61.73150104377596, 62.567124663225, 60.704749152152424, 60.97479096613031], "Washing_Machine": [62.841517952538936, 63.1978468629261, 64.78351769691236, 64.44997011770914, 63.602260383712, 62.548126011048765, 62.99472629541437, 63.25686922578151, 62.34002938468499, 63.899762462024626, 61.36160133803708, 62.75060811070458, 61.94783055206759, 62.6123279443853, 62.552810768941555, 62.22884419800117, 57.76261390017148, 58.62834438940187, 60.39719963209886, 59.94851235592923]}, "added_edges": [{"name": "Computer_Site \u2194 Electric_Heater_1", "from_node": 0, "to_node": 3, "baseline": 0.09749482572078705, "current": 0.19548872113227844, "increase": 0.0979938954114914}, {"name": "Electric_Heater_1 \u2194 Fridge_Freezer_1", "from_node": 3, "to_node": 5, "baseline": 0.22845442593097687, "current": 0.32804232835769653, "increase": 0.09958790242671967}, {"name": "Fridge_Freezer_1 \u2194 Fridge_Freezer_2", "from_node": 5, "to_node": 6, "baseline": 0.3104395568370819, "current": 0.4652777910232544, "increase": 0.15483823418617249}], "removed_edges": [{"name": "Fridge_Freezer_1 \u2194 Washing_Machine", "from_node": 5, "to_node": 8, "baseline": 0.09237688779830933, "current": 0.0, "decrease": 0.09237688779830933}], "edge_changes": [{"name": "Fridge_Freezer_1 \u2194 Fridge_Freezer_2", "from_node": 5, "to_node": 6, "baseline": 0.3104395568370819, "current": 0.4652777910232544, "delta": 0.15483823418617249}, {"name": "Electric_Heater_1 \u2194 Fridge_Freezer_1", "from_node": 3, "to_node": 5, "baseline": 0.22845442593097687, "current": 0.32804232835769653, "delta": 0.09958790242671967}, {"name": "Computer_Site \u2194 Electric_Heater_1", "from_node": 0, "to_node": 3, "baseline": 0.09749482572078705, "current": 0.19548872113227844, "delta": 0.0979938954114914}, {"name": "Fridge_Freezer_1 \u2194 Washing_Machine", "from_node": 5, "to_node": 8, "baseline": 0.09237688779830933, "current": 0.0, "delta": -0.09237688779830933}, {"name": "Computer_Site \u2194 Television_Site", "from_node": 0, "to_node": 7, "baseline": 0.06117868795990944, "current": 0.10810811072587967, "delta": 0.04692942276597023}, {"name": "Fridge_Freezer_1 \u2194 Television_Site", "from_node": 5, "to_node": 7, "baseline": 0.10783503949642181, "current": 0.15231788158416748, "delta": 0.044482842087745667}, {"name": "Fridge_Freezer_2 \u2194 Washing_Machine", "from_node": 6, "to_node": 8, "baseline": 0.04427192732691765, "current": 0.0, "delta": -0.04427192732691765}, {"name": "Electric_Heater_1 \u2194 Washing_Machine", "from_node": 3, "to_node": 8, "baseline": 0.0415029339492321, "current": 0.0, "delta": -0.0415029339492321}, {"name": "Dishwasher \u2194 Fridge_Freezer_1", "from_node": 2, "to_node": 5, "baseline": 0.03984196111559868, "current": 0.0, "delta": -0.03984196111559868}, {"name": "Electric_Heater_1 \u2194 Television_Site", "from_node": 3, "to_node": 7, "baseline": 0.07385720312595367, "current": 0.11363636702299118, "delta": 0.039779163897037506}], "isolated_nodes": [1, 2, 4], "connected_nodes": [0, 3, 5, 6, 7, 8], "connectivity_threshold": 0.05}