{"house_id": 13, "timestamp": "2026-07-01 11:46:25", "graph_drift": 0.020316660404205322, "appliances": [{"name": "Computer_Site", "icon": "fa-tv", "health": 61.77244711105631, "severity": "Healthy", "confidence": 0.98, "rul": 109, "root_cause": "Normal Operation", "recommendations": ["General preventative maintenance check"], "drift_ratio": 1.013490298382314, "normal_error": 0.17584741115570068, "faulty_error": 0.17821964621543884}, {"name": "Dishwasher", "icon": "fa-soap", "health": 81.72801748548311, "severity": "Healthy", "confidence": 0.98, "rul": 90, "root_cause": "Normal Operation", "recommendations": ["General preventative maintenance check"], "drift_ratio": 0.6881620671684823, "normal_error": 0.26245054602622986, "faulty_error": 0.18060851097106934}, {"name": "Kettle", "icon": "fa-mug-hot", "health": 61.579226618681446, "severity": "Healthy", "confidence": 0.98, "rul": 91, "root_cause": "Normal Operation", "recommendations": ["General preventative maintenance check"], "drift_ratio": 1.0492163147256102, "normal_error": 0.12483061850070953, "faulty_error": 0.13097432255744934}, {"name": "Microwave", "icon": "fa-temperature-arrow-up", "health": 61.447594167284734, "severity": "Healthy", "confidence": 0.98, "rul": 104, "root_cause": "Normal Operation", "recommendations": ["General preventative maintenance check"], "drift_ratio": 1.0577409753319025, "normal_error": 0.12922833859920502, "faulty_error": 0.13669010996818542}, {"name": "Television_Site", "icon": "fa-tv", "health": 61.52379308715659, "severity": "Healthy", "confidence": 0.98, "rul": 90, "root_cause": "Normal Operation", "recommendations": ["General preventative maintenance check"], "drift_ratio": 1.0340076192084346, "normal_error": 0.250214159488678, "faulty_error": 0.25872334837913513}, {"name": "Television_Site_1", "icon": "fa-tv", "health": 56.13752685072719, "severity": "Healthy", "confidence": 0.98, "rul": 28, "root_cause": "Normal Operation", "recommendations": ["General preventative maintenance check"], "drift_ratio": 1.137950224528187, "normal_error": 0.14694108068943024, "faulty_error": 0.1672116369009018}, {"name": "Tumble_Dryer", "icon": "fa-soap", "health": 56.8604173461991, "severity": "Moderate", "confidence": 0.92, "rul": 98, "root_cause": "Bearing wear & Mechanical friction", "recommendations": ["Inspect motor and drum bearing assemblies for noise.", "Lubricate rotating bearings if serviceable.", "Check belt tension and alignment."], "drift_ratio": 1.312339541038293, "normal_error": 0.1310129016637802, "faulty_error": 0.17193341255187988}, {"name": "Unknown", "icon": "fa-plug", "health": 73.424109136156, "severity": "Healthy", "confidence": 0.98, "rul": 120, "root_cause": "Normal Operation", "recommendations": ["General preventative maintenance check"], "drift_ratio": 0.757364182020161, "normal_error": 0.2193530648946762, "faulty_error": 0.1661301553249359}, {"name": "Washing_Machine", "icon": "fa-soap", "health": 72.34443779114835, "severity": "Minor", "confidence": 0.8, "rul": 120, "root_cause": "Standby board current leakage", "recommendations": ["Perform general physical inspection.", "Check for standard utility connection tightness.", "Update control firmware if applicable."], "drift_ratio": 1.2471164871671254, "normal_error": 0.13325373828411102, "faulty_error": 0.16618293523788452}], "appliance_names": ["Computer_Site", "Dishwasher", "Kettle", "Microwave", "Television_Site", "Television_Site_1", "Tumble_Dryer", "Unknown", "Washing_Machine"], "mean_adjacency": [[[1.0, 0.16088658571243286, 0.0, 0.0, 0.15535728633403778, 0.04265385493636131, 0.05643182992935181, 0.13368940353393555, 0.09241066873073578], [0.16088658571243286, 1.0, 0.0, 0.0, 0.3782346844673157, 0.04538943991065025, 0.09704428166151047, 0.3872701823711395, 0.31584376096725464], [0.0, 0.0, 1.0, 0.0, 0.0, 0.0, 0.0, 0.0, 0.0], [0.0, 0.0, 0.0, 1.0, 0.0, 0.0, 0.0, 0.0, 0.0], [0.15535728633403778, 0.3782346844673157, 0.0, 0.0, 1.0, 0.05901474505662918, 0.07477225363254547, 0.319337397813797, 0.2222580909729004], [0.04265385493636131, 0.04538943991065025, 0.0, 0.0, 0.05901474505662918, 1.0, 0.02413744479417801, 0.028238708153367043, 0.03132251277565956], [0.05643182992935181, 0.09704428166151047, 0.0, 0.0, 0.07477225363254547, 0.02413744479417801, 1.0, 0.0751202404499054, 0.061698392033576965], [0.13368940353393555, 0.3872701823711395, 0.0, 0.0, 0.319337397813797, 0.028238708153367043, 0.0751202404499054, 1.0, 0.2362499088048935], [0.09241066873073578, 0.31584376096725464, 0.0, 0.0, 0.2222580909729004, 0.03132251277565956, 0.061698392033576965, 0.2362499088048935, 1.0]], [[1.0, 0.517066240310669, 0.4999924898147583, 0.5191968083381653, 0.5078297853469849, 0.5048960447311401, 0.49057677388191223, 0.5009747743606567, 0.49930936098098755], [0.517066240310669, 1.0, 0.5102756023406982, 0.5036900043487549, 0.49925610423088074, 0.5017063021659851, 0.5157671570777893, 0.5725745558738708, 0.483759343624115], [0.4999924898147583, 0.5102756023406982, 1.0, 0.49263930320739746, 0.4914729595184326, 0.5070834159851074, 0.5016084313392639, 0.4987422525882721, 0.5110060572624207], [0.5191968083381653, 0.5036900043487549, 0.49263930320739746, 1.0, 0.5112321376800537, 0.5233686566352844, 0.48527079820632935, 0.5065645575523376, 0.5065087080001831], [0.5078297853469849, 0.49925610423088074, 0.4914729595184326, 0.5112321376800537, 1.0, 0.5100449323654175, 0.474193274974823, 0.5674453973770142, 0.5765807628631592], [0.5048960447311401, 0.5017063021659851, 0.5070834159851074, 0.5233686566352844, 0.5100449323654175, 1.0, 0.49481162428855896, 0.4828007221221924, 0.4936012029647827], [0.49057677388191223, 0.5157671570777893, 0.5016084313392639, 0.48527079820632935, 0.474193274974823, 0.49481162428855896, 1.0, 0.5297002196311951, 0.485139936208725], [0.5009747743606567, 0.5725745558738708, 0.4987422525882721, 0.5065645575523376, 0.5674453973770142, 0.4828007221221924, 0.5297002196311951, 1.0, 0.49887388944625854], [0.49930936098098755, 0.483759343624115, 0.5110060572624207, 0.5065087080001831, 0.5765807628631592, 0.4936012029647827, 0.485139936208725, 0.49887388944625854, 1.0]], [[1.0, 0.004702420439571142, 0.0, 0.0, 0.0020456283818930387, 0.0025360428262501955, 0.002360469428822398, 0.003665156662464142, 0.003183593973517418], [0.004702420439571142, 1.0, 0.0, 0.0, 0.05024408549070358, 0.016948146745562553, 0.020030034705996513, 0.15198123455047607, 0.08677912503480911], [0.0, 0.0, 1.0, 0.0, 0.0, 0.0, 0.0, 0.0, 0.0], [0.0, 0.0, 0.0, 1.0, 0.0, 0.0, 0.0, 0.0, 0.0], [0.0020456283818930387, 0.05024408549070358, 0.0, 0.0, 1.0, 0.031243154779076576, 0.04188491031527519, 0.051306016743183136, 0.027768876403570175], [0.0025360428262501955, 0.016948146745562553, 0.0, 0.0, 0.031243154779076576, 1.0, 0.010102435015141964, 0.027940262109041214, 0.011299395002424717], [0.002360469428822398, 0.020030034705996513, 0.0, 0.0, 0.04188491031527519, 0.010102435015141964, 1.0, 0.030436579138040543, 0.029493724927306175], [0.003665156662464142, 0.15198123455047607, 0.0, 0.0, 0.051306016743183136, 0.027940262109041214, 0.030436579138040543, 1.0, 0.08515743166208267], [0.003183593973517418, 0.08677912503480911, 0.0, 0.0, 0.027768876403570175, 0.011299395002424717, 0.029493724927306175, 0.08515743166208267, 1.0]], [[1.0, 0.12440814077854156, 0.0, 0.0, 0.09031723439693451, 0.01108743716031313, 0.016137942671775818, 0.08424084633588791, 0.06399936974048615], [0.12440814077854156, 1.0, 0.0, 0.0, 0.3258364796638489, 0.03456439450383186, 0.07441603392362595, 0.319365531206131, 0.2718197703361511], [0.0, 0.0, 1.0, 0.0, 0.0, 0.0, 0.0, 0.0, 0.0], [0.0, 0.0, 0.0, 1.0, 0.0, 0.0, 0.0, 0.0, 0.0], [0.09031723439693451, 0.3258364796638489, 0.0, 0.0, 1.0, 0.02998737432062626, 0.040127839893102646, 0.2430160939693451, 0.17597854137420654], [0.01108743716031313, 0.03456439450383186, 0.0, 0.0, 0.02998737432062626, 1.0, 0.005089961923658848, 0.014086173847317696, 0.02134627476334572], [0.016137942671775818, 0.07441603392362595, 0.0, 0.0, 0.040127839893102646, 0.005089961923658848, 1.0, 0.0451388880610466, 0.03401199355721474], [0.08424084633588791, 0.319365531206131, 0.0, 0.0, 0.2430160939693451, 0.014086173847317696, 0.0451388880610466, 1.0, 0.18647411465644836], [0.06399936974048615, 0.2718197703361511, 0.0, 0.0, 0.17597854137420654, 0.02134627476334572, 0.03401199355721474, 0.18647411465644836, 1.0]]], "injected_nodes": [0, 1, 4, 5, 6, 8], "drift_ratios": [1.013490298382314, 0.6881620671684823, 1.0492163147256102, 1.0577409753319025, 1.0340076192084346, 1.137950224528187, 1.312339541038293, 0.757364182020161, 1.2471164871671254], "statuses": ["Healthy", "Healthy", "Healthy", "Healthy", "Healthy", "Healthy", "Moderate", "Healthy", "Minor"], "health_history": {"Computer_Site": [62.805523750183106, 61.98027062219491, 62.536274665198185, 62.8755792048383, 62.81241167356945, 63.67258066005995, 63.77274800623384, 62.95359013109844, 63.450434743030755, 64.4134591237545, 63.872205784430115, 62.922970035487666, 62.56839699932012, 61.22388713931373, 59.40932365290837, 61.230059102218156, 61.0206726237775, 60.08556750559656, 60.14951172613821, 61.77244711105631], "Dishwasher": [69.33342475029104, 69.0561768963961, 69.32602576565245, 69.41934221820534, 69.60711783528262, 65.1158798883688, 58.80192287972583, 52.646703337771214, 58.141510736985005, 63.91406347683595, 68.85166763435376, 73.25846248315291, 77.16335501802666, 81.35584916117554, 84.39864993555436, 86.72152106239771, 83.3562885776471, 83.3043132733714, 84.59037077325088, 81.72801748548311], "Kettle": [65.03735447312559, 64.65755019245054, 64.52520137433828, 64.57034487756854, 64.4697374827152, 64.10542689821055, 64.24014927451735, 63.981728672486824, 63.65706481509894, 63.604680429457545, 63.32907229368686, 63.23146353773122, 63.18187234488229, 63.07837996216819, 62.637802975086906, 62.322867209341624, 61.86669817423106, 62.07895897048946, 61.498403246642944, 61.579226618681446], "Microwave": [64.49889399138875, 64.44357307237561, 64.24396302538561, 64.72068199854228, 64.34328263019597, 64.30933694434401, 64.6055137888851, 64.06113459577915, 64.24223569136493, 64.27167181662269, 63.96710626476941, 63.47628283182333, 63.442391781840655, 63.479371859816546, 62.99129282861138, 62.61851649535695, 62.105166273235874, 62.02968471846294, 61.696006653808325, 61.447594167284734], "Television_Site": [64.69732232867761, 64.03734702595165, 63.99325456478966, 64.81936162749912, 61.1812338655985, 57.44773679382368, 62.11357324489756, 62.84951203338378, 60.05264680194589, 56.914744765435735, 58.427827309129086, 64.86222418887999, 64.38917370856313, 61.70914230822449, 61.587597185351086, 67.79572131383966, 68.02333919873647, 64.69943864271539, 61.941431596253906, 61.52379308715659], "Television_Site_1": [66.15143993852818, 65.94407262355088, 65.7679564006028, 65.09929247840353, 60.82067986584585, 61.37074208268535, 61.24536246693423, 60.50902497921871, 61.495304753066335, 61.537496658927964, 60.8427373908391, 61.36160714809218, 64.18332863882908, 64.0501040022271, 58.62570010068363, 59.10308935904812, 58.913569759668746, 58.25966948657446, 58.11008248959293, 56.13752685072719], "Tumble_Dryer": [69.01591029379281, 69.07095522481363, 68.48075093063228, 62.19111091569491, 61.89781088487199, 61.66858319114561, 61.439000308528286, 61.227038533732404, 61.04690542239587, 60.8666003248595, 68.24117041544238, 67.66332295583558, 67.81697767005957, 67.74359564518977, 66.16903207512716, 66.08279969006591, 66.03107670988305, 61.089584171766056, 60.82065009886215, 56.8604173461991], "Unknown": [57.45979930264545, 59.24636241378508, 65.94084784073505, 70.13269845669551, 72.88026765241125, 74.78305493238548, 74.89609918774664, 72.6488943829403, 68.70050261464452, 65.81513875757443, 62.045756571139826, 57.76164317332767, 52.80320933839993, 49.90193637898962, 53.30236040400348, 60.343158431656185, 65.36664938691197, 68.99743120677931, 71.72772541528204, 73.424109136156], "Washing_Machine": [78.75710675802537, 73.84283545773846, 73.77348792687137, 73.70264259844863, 73.6321171638747, 73.55767116980493, 73.48213158513576, 73.40442217784873, 73.32582252333904, 73.24272451656786, 73.15981001479521, 73.07375113007461, 72.9873847504916, 72.90083982550459, 72.8117853456727, 72.72188773476644, 72.62895485199243, 72.53485646449798, 72.4390222189092, 72.34443779114835]}, "added_edges": [{"name": "Dishwasher \u2194 Television_Site_1", "from_node": 1, "to_node": 5, "baseline": 0.04538943991065025, "current": 0.1411764770746231, "increase": 0.09578703343868256}, {"name": "Dishwasher \u2194 Tumble_Dryer", "from_node": 1, "to_node": 6, "baseline": 0.09704428166151047, "current": 0.2235294133424759, "increase": 0.12648513913154602}, {"name": "Television_Site_1 \u2194 Tumble_Dryer", "from_node": 5, "to_node": 6, "baseline": 0.02413744479417801, "current": 0.22058823704719543, "increase": 0.19645079970359802}], "removed_edges": [{"name": "Computer_Site \u2194 Dishwasher", "from_node": 0, "to_node": 1, "baseline": 0.16088658571243286, "current": 0.07446808367967606, "decrease": 0.0864185020327568}, {"name": "Computer_Site \u2194 Washing_Machine", "from_node": 0, "to_node": 8, "baseline": 0.09241066873073578, "current": 0.0, "decrease": 0.09241066873073578}, {"name": "Dishwasher \u2194 Television_Site", "from_node": 1, "to_node": 4, "baseline": 0.3782346844673157, "current": 0.06666667014360428, "decrease": 0.311568021774292}, {"name": "Dishwasher \u2194 Unknown", "from_node": 1, "to_node": 7, "baseline": 0.3872701823711395, "current": 0.0, "decrease": 0.3872701823711395}, {"name": "Dishwasher \u2194 Washing_Machine", "from_node": 1, "to_node": 8, "baseline": 0.31584376096725464, "current": 0.0, "decrease": 0.31584376096725464}, {"name": "Television_Site \u2194 Washing_Machine", "from_node": 4, "to_node": 8, "baseline": 0.2222580909729004, "current": 0.0, "decrease": 0.2222580909729004}, {"name": "Unknown \u2194 Washing_Machine", "from_node": 7, "to_node": 8, "baseline": 0.2362499088048935, "current": 0.0, "decrease": 0.2362499088048935}], "edge_changes": [{"name": "Dishwasher \u2194 Unknown", "from_node": 1, "to_node": 7, "baseline": 0.3872701823711395, "current": 0.0, "delta": -0.3872701823711395}, {"name": "Dishwasher \u2194 Washing_Machine", "from_node": 1, "to_node": 8, "baseline": 0.31584376096725464, "current": 0.0, "delta": -0.31584376096725464}, {"name": "Dishwasher \u2194 Television_Site", "from_node": 1, "to_node": 4, "baseline": 0.3782346844673157, "current": 0.06666667014360428, "delta": -0.311568021774292}, {"name": "Unknown \u2194 Washing_Machine", "from_node": 7, "to_node": 8, "baseline": 0.2362499088048935, "current": 0.0, "delta": -0.2362499088048935}, {"name": "Television_Site \u2194 Washing_Machine", "from_node": 4, "to_node": 8, "baseline": 0.2222580909729004, "current": 0.0, "delta": -0.2222580909729004}, {"name": "Television_Site_1 \u2194 Tumble_Dryer", "from_node": 5, "to_node": 6, "baseline": 0.02413744479417801, "current": 0.22058823704719543, "delta": 0.19645079970359802}, {"name": "Dishwasher \u2194 Tumble_Dryer", "from_node": 1, "to_node": 6, "baseline": 0.09704428166151047, "current": 0.2235294133424759, "delta": 0.12648513913154602}, {"name": "Dishwasher \u2194 Television_Site_1", "from_node": 1, "to_node": 5, "baseline": 0.04538943991065025, "current": 0.1411764770746231, "delta": 0.09578703343868256}, {"name": "Computer_Site \u2194 Washing_Machine", "from_node": 0, "to_node": 8, "baseline": 0.09241066873073578, "current": 0.0, "delta": -0.09241066873073578}, {"name": "Computer_Site \u2194 Dishwasher", "from_node": 0, "to_node": 1, "baseline": 0.16088658571243286, "current": 0.07446808367967606, "delta": -0.0864185020327568}], "isolated_nodes": [2, 3], "connected_nodes": [0, 1, 4, 5, 6, 7, 8], "connectivity_threshold": 0.05}