{"house_id": 7, "timestamp": "2026-07-01 11:46:19", "graph_drift": 0.07454365491867065, "appliances": [{"name": "Dishwasher", "icon": "fa-soap", "health": 60.14957285195025, "severity": "Healthy", "confidence": 0.98, "rul": 90, "root_cause": "Normal Operation", "recommendations": ["General preventative maintenance check"], "drift_ratio": 0.9591325755113116, "normal_error": 0.14707832038402557, "faulty_error": 0.14106760919094086}, {"name": "Freezer", "icon": "fa-snowflake", "health": 52.69543676043092, "severity": "Moderate", "confidence": 0.85, "rul": 90, "root_cause": "Compressor electrical motor wear", "recommendations": ["Clean dust from condenser coils.", "Verify condenser fan is rotating freely.", "Check compressor current draw against rated plate value."], "drift_ratio": 1.4082579632816827, "normal_error": 0.220894917845726, "faulty_error": 0.3110770285129547}, {"name": "Freezer_Garage", "icon": "fa-snowflake", "health": 72.58959911804965, "severity": "Healthy", "confidence": 0.98, "rul": 90, "root_cause": "Normal Operation", "recommendations": ["General preventative maintenance check"], "drift_ratio": 0.8360146092555745, "normal_error": 0.18366172909736633, "faulty_error": 0.1535438895225525}, {"name": "Fridge", "icon": "fa-snowflake", "health": 46.955180707416325, "severity": "Moderate", "confidence": 0.94, "rul": 90, "root_cause": "Compressor efficiency loss & Door Gasket wear", "recommendations": ["Inspect and clean door gasket seals.", "Replace magnetic door gasket strip if cracked.", "Ensure unit is leveled so door closes firmly."], "drift_ratio": 1.4621311049577757, "normal_error": 0.24108165502548218, "faulty_error": 0.3524929881095886}, {"name": "Kettle", "icon": "fa-mug-hot", "health": 61.05475710874666, "severity": "Healthy", "confidence": 0.98, "rul": 75, "root_cause": "Normal Operation", "recommendations": ["General preventative maintenance check"], "drift_ratio": 1.044754861568045, "normal_error": 0.12852592766284943, "faulty_error": 0.1342780888080597}, {"name": "Television_Site", "icon": "fa-tv", "health": 62.913877220656374, "severity": "Healthy", "confidence": 0.98, "rul": 120, "root_cause": "Normal Operation", "recommendations": ["General preventative maintenance check"], "drift_ratio": 1.000967989478577, "normal_error": 0.16454467177391052, "faulty_error": 0.16470395028591156}, {"name": "Toaster", "icon": "fa-plug", "health": 62.616598733315904, "severity": "Healthy", "confidence": 0.98, "rul": 120, "root_cause": "Normal Operation", "recommendations": ["General preventative maintenance check"], "drift_ratio": 1.0214518876805434, "normal_error": 0.13868872821331024, "faulty_error": 0.14166386425495148}, {"name": "Tumble_Dryer", "icon": "fa-soap", "health": 81.50065406003253, "severity": "Healthy", "confidence": 0.98, "rul": 90, "root_cause": "Normal Operation", "recommendations": ["General preventative maintenance check"], "drift_ratio": 0.548439830234374, "normal_error": 0.3085889220237732, "faulty_error": 0.16924245655536652}, {"name": "Washing_Machine", "icon": "fa-soap", "health": 57.26920283301022, "severity": "Healthy", "confidence": 0.98, "rul": 62, "root_cause": "Normal Operation", "recommendations": ["General preventative maintenance check"], "drift_ratio": 1.140012782131448, "normal_error": 0.14292877912521362, "faulty_error": 0.1629406362771988}], "appliance_names": ["Dishwasher", "Freezer", "Freezer_Garage", "Fridge", "Kettle", "Television_Site", "Toaster", "Tumble_Dryer", "Washing_Machine"], "mean_adjacency": [[[1.0, 0.07247565686702728, 0.038691774010658264, 0.039484791457653046, 0.0, 0.036488935351371765, 0.0, 0.05898995324969292, 0.011660711839795113], [0.07247565686702728, 1.0, 0.24079018831253052, 0.28833237290382385, 0.0, 0.12270917743444443, 0.0, 0.34038713574409485, 0.03792170062661171], [0.038691774010658264, 0.24079018831253052, 1.0, 0.25336694717407227, 0.0, 0.10990971326828003, 0.0, 0.4224661588668823, 0.057791855186223984], [0.039484791457653046, 0.28833237290382385, 0.25336694717407227, 1.0, 0.0, 0.14867717027664185, 0.0, 0.42181816697120667, 0.053836822509765625], [0.0, 0.0, 0.0, 0.0, 1.0, 0.0, 0.0, 0.0, 0.0], [0.036488935351371765, 0.12270917743444443, 0.10990971326828003, 0.14867717027664185, 0.0, 1.0, 0.0, 0.16288228332996368, 0.04895159974694252], [0.0, 0.0, 0.0, 0.0, 0.0, 0.0, 1.0, 0.0, 0.0], [0.05898995324969292, 0.34038713574409485, 0.4224661588668823, 0.42181816697120667, 0.0, 0.16288228332996368, 0.0, 1.0, 0.048786502331495285], [0.011660711839795113, 0.03792170062661171, 0.057791855186223984, 0.053836822509765625, 0.0, 0.04895159974694252, 0.0, 0.048786502331495285, 1.0]], [[1.0, 0.5246131420135498, 0.4680323004722595, 0.4658733010292053, 0.4991811513900757, 0.48529455065727234, 0.4978886842727661, 0.5125637650489807, 0.47994041442871094], [0.5246131420135498, 1.0, 0.5305081009864807, 0.4976595938205719, 0.5054090619087219, 0.5003170371055603, 0.5122549533843994, 0.5091102123260498, 0.49808937311172485], [0.4680323004722595, 0.5305081009864807, 1.0, 0.5288011431694031, 0.497298002243042, 0.4995395839214325, 0.5065106749534607, 0.5229138135910034, 0.5414323806762695], [0.4658733010292053, 0.4976595938205719, 0.5288011431694031, 1.0, 0.49881452322006226, 0.5030401349067688, 0.5033666491508484, 0.5895907878875732, 0.49124568700790405], [0.4991811513900757, 0.5054090619087219, 0.497298002243042, 0.49881452322006226, 1.0, 0.5185795426368713, 0.48476243019104004, 0.5036171674728394, 0.48663821816444397], [0.48529455065727234, 0.5003170371055603, 0.4995395839214325, 0.5030401349067688, 0.5185795426368713, 1.0, 0.49076250195503235, 0.5212655067443848, 0.5034909844398499], [0.4978886842727661, 0.5122549533843994, 0.5065106749534607, 0.5033666491508484, 0.48476243019104004, 0.49076250195503235, 1.0, 0.5095092058181763, 0.5015186071395874], [0.5125637650489807, 0.5091102123260498, 0.5229138135910034, 0.5895907878875732, 0.5036171674728394, 0.5212655067443848, 0.5095092058181763, 1.0, 0.4742876887321472], [0.47994041442871094, 0.49808937311172485, 0.5414323806762695, 0.49124568700790405, 0.48663821816444397, 0.5034909844398499, 0.5015186071395874, 0.4742876887321472, 1.0]], [[1.0, 0.021333830431103706, 0.015603795647621155, 0.02700655534863472, 0.0, 0.002373015508055687, 0.0, 0.020374653860926628, 0.004857170861214399], [0.021333830431103706, 1.0, 0.10822274535894394, 0.029618438333272934, 0.0, 0.0032539258245378733, 0.0, 0.07055090367794037, 0.020695406943559647], [0.015603795647621155, 0.10822274535894394, 1.0, 0.05441184341907501, 0.0, 0.0027145324274897575, 0.0, 0.14291326701641083, 0.021011529490351677], [0.02700655534863472, 0.029618438333272934, 0.05441184341907501, 1.0, 0.0, 0.003438056679442525, 0.0, 0.06530904024839401, 0.02609517052769661], [0.0, 0.0, 0.0, 0.0, 1.0, 0.0, 0.0, 0.0, 0.0], [0.002373015508055687, 0.0032539258245378733, 0.0027145324274897575, 0.003438056679442525, 0.0, 1.0, 0.0, 0.004058691207319498, 0.0012460608268156648], [0.0, 0.0, 0.0, 0.0, 0.0, 0.0, 1.0, 0.0, 0.0], [0.020374653860926628, 0.07055090367794037, 0.14291326701641083, 0.06530904024839401, 0.0, 0.004058691207319498, 0.0, 1.0, 0.021474748849868774], [0.004857170861214399, 0.020695406943559647, 0.021011529490351677, 0.02609517052769661, 0.0, 0.0012460608268156648, 0.0, 0.021474748849868774, 1.0]], [[1.0, 0.046875, 0.02359693869948387, 0.020408162847161293, 0.0, 0.009845344349741936, 0.0, 0.044005103409290314, 0.0025111606810241938], [0.046875, 1.0, 0.19563138484954834, 0.2380819469690323, 0.0, 0.08605708181858063, 0.0, 0.3042091727256775, 0.0226004458963871], [0.02359693869948387, 0.19563138484954834, 1.0, 0.18447066843509674, 0.0, 0.06604751199483871, 0.0, 0.31441327929496765, 0.0323660708963871], [0.020408162847161293, 0.2380819469690323, 0.18447066843509674, 1.0, 0.0, 0.08474171161651611, 0.0, 0.3443877696990967, 0.027383610606193542], [0.0, 0.0, 0.0, 0.0, 1.0, 0.0, 0.0, 0.0, 0.0], [0.009845344349741936, 0.08605708181858063, 0.06604751199483871, 0.08474171161651611, 0.0, 1.0, 0.0, 0.12125319242477417, 0.013193558901548386], [0.0, 0.0, 0.0, 0.0, 0.0, 0.0, 1.0, 0.0, 0.0], [0.044005103409290314, 0.3042091727256775, 0.31441327929496765, 0.3443877696990967, 0.0, 0.12125319242477417, 0.0, 1.0, 0.03890306130051613], [0.0025111606810241938, 0.0226004458963871, 0.0323660708963871, 0.027383610606193542, 0.0, 0.013193558901548386, 0.0, 0.03890306130051613, 1.0]]], "injected_nodes": [0, 1, 2, 3, 5, 7, 8], "drift_ratios": [0.9591325755113116, 1.4082579632816827, 0.8360146092555745, 1.4621311049577757, 1.044754861568045, 1.000967989478577, 1.0214518876805434, 0.548439830234374, 1.140012782131448], "statuses": ["Healthy", "Moderate", "Healthy", "Moderate", "Healthy", "Healthy", "Healthy", "Healthy", "Healthy"], "health_history": {"Dishwasher": [61.367633144720315, 58.42916050560428, 58.2349447081878, 55.454166641936126, 51.25428896025597, 50.31635521546533, 51.0125568439432, 55.06262426045678, 56.6755355656995, 59.560375548981234, 59.75219616696362, 60.9286502145201, 62.41934843626564, 59.13419777842688, 59.03070834716665, 58.6137534907425, 61.03584817492168, 60.147156625245216, 60.21913408243938, 60.14957285195025], "Freezer": [59.02532146034688, 51.85761045089649, 42.629810484686715, 41.608820844364104, 44.60822915284422, 52.28890262976426, 60.24353254339615, 64.44112524354705, 68.35637513169848, 73.29215240117264, 77.00379985961828, 79.36883473388747, 80.67520132739031, 80.58757378922584, 80.49853681430676, 78.01102369884062, 73.3478568766374, 66.71819494930378, 60.346144977474395, 52.69543676043092], "Freezer_Garage": [59.257184061806115, 53.711678923085486, 47.22427473467259, 43.514547017396374, 51.386581114737844, 58.23937818489126, 63.91192318159922, 67.07931410872895, 70.09805693685055, 72.81375236455685, 74.40435086707888, 74.26305536910257, 74.11789470133635, 73.97286171983988, 73.82574319593786, 73.67469565911108, 73.52289530531903, 73.37304748740155, 73.22104496368243, 72.58959911804965], "Fridge": [65.69093896045949, 66.65788543797365, 67.70149500194259, 63.27957902843463, 61.53386807338542, 61.01085576033578, 61.7794195715469, 59.751673310666284, 57.06463526978262, 55.37957668288683, 58.49689492972842, 58.30902686540229, 51.092260620588895, 53.48025701284037, 58.12032911399331, 58.57772887557264, 50.015936719183166, 45.74131262685523, 44.702185615531164, 46.955180707416325], "Kettle": [64.3350281023773, 64.2297371072392, 64.38427770874347, 63.98038815025644, 63.58428655988593, 63.576148522170385, 63.580781542048804, 63.60168199366451, 63.361512639500575, 63.0875291551792, 63.094029212919075, 62.66091532568401, 62.22832006007713, 62.021524007686665, 61.84599219578174, 61.10784667608484, 61.01092925931842, 60.94869466393664, 60.80903418131427, 61.05475710874666], "Television_Site": [63.401639593157356, 63.23704009182436, 63.5693863381508, 63.620269014174916, 62.9327439062669, 63.06777340932753, 62.893084609820804, 63.21085220614231, 62.58171551420341, 63.21316063219602, 61.98520211662537, 62.27574504870292, 62.690677921317366, 62.97259445312732, 63.35992687120999, 62.09764058390161, 63.85221550351688, 62.748922060658124, 62.0140675081081, 62.913877220656374], "Toaster": [64.86001939065405, 64.25340083571076, 63.85910349368372, 63.944786968624825, 63.77909817100581, 63.906718968583306, 63.89902751025449, 63.743181105374234, 63.65974293856491, 62.91440287701437, 63.12950025024765, 63.051142535463285, 63.23138454743554, 63.00445506882833, 62.91035660369108, 62.84799916699462, 62.88597672555272, 63.14296816679989, 62.39420312559475, 62.616598733315904], "Tumble_Dryer": [72.41448551099685, 67.03709437071853, 61.25120074971607, 53.6693100099917, 52.70773621607084, 58.49017678580085, 60.47369413419105, 59.755853638577854, 58.923466310989355, 58.383549168583436, 58.1594135650448, 58.48534577161493, 61.93368981852848, 61.63659710527455, 66.26381285660898, 71.6409108132887, 76.08008349087065, 80.01958336134865, 82.73141600381112, 81.50065406003253], "Washing_Machine": [64.33166576025377, 64.23350978197126, 63.61923186596828, 63.27278245078338, 63.31621758489478, 63.413150423548245, 63.70727447249368, 62.79013858719089, 64.58167081107796, 63.454041583542995, 62.21264473932921, 61.93306550092472, 62.44239959987312, 61.57512717037432, 60.875506933736276, 61.3804056861065, 60.99772320178252, 62.761236540237405, 60.43235133196975, 57.26920283301022]}, "added_edges": [{"name": "Freezer \u2194 Fridge", "from_node": 1, "to_node": 3, "baseline": 0.28833237290382385, "current": 0.5621621608734131, "increase": 0.27382978796958923}, {"name": "Freezer \u2194 Washing_Machine", "from_node": 1, "to_node": 8, "baseline": 0.03792170062661171, "current": 0.1753246784210205, "increase": 0.1374029815196991}, {"name": "Fridge \u2194 Washing_Machine", "from_node": 3, "to_node": 8, "baseline": 0.053836822509765625, "current": 0.17880794405937195, "increase": 0.12497112154960632}], "removed_edges": [{"name": "Freezer \u2194 Freezer_Garage", "from_node": 1, "to_node": 2, "baseline": 0.24079018831253052, "current": 0.027397260069847107, "decrease": 0.2133929282426834}, {"name": "Freezer \u2194 Tumble_Dryer", "from_node": 1, "to_node": 7, "baseline": 0.34038713574409485, "current": 0.0, "decrease": 0.34038713574409485}, {"name": "Freezer_Garage \u2194 Fridge", "from_node": 2, "to_node": 3, "baseline": 0.25336694717407227, "current": 0.0279720276594162, "decrease": 0.22539491951465607}, {"name": "Freezer_Garage \u2194 Television_Site", "from_node": 2, "to_node": 5, "baseline": 0.10990971326828003, "current": 0.021276595070958138, "decrease": 0.08863312005996704}, {"name": "Freezer_Garage \u2194 Tumble_Dryer", "from_node": 2, "to_node": 7, "baseline": 0.4224661588668823, "current": 0.0, "decrease": 0.4224661588668823}, {"name": "Fridge \u2194 Tumble_Dryer", "from_node": 3, "to_node": 7, "baseline": 0.42181816697120667, "current": 0.0, "decrease": 0.42181816697120667}, {"name": "Television_Site \u2194 Tumble_Dryer", "from_node": 5, "to_node": 7, "baseline": 0.16288228332996368, "current": 0.0, "decrease": 0.16288228332996368}], "edge_changes": [{"name": "Freezer_Garage \u2194 Tumble_Dryer", "from_node": 2, "to_node": 7, "baseline": 0.4224661588668823, "current": 0.0, "delta": -0.4224661588668823}, {"name": "Fridge \u2194 Tumble_Dryer", "from_node": 3, "to_node": 7, "baseline": 0.42181816697120667, "current": 0.0, "delta": -0.42181816697120667}, {"name": "Freezer \u2194 Tumble_Dryer", "from_node": 1, "to_node": 7, "baseline": 0.34038713574409485, "current": 0.0, "delta": -0.34038713574409485}, {"name": "Freezer \u2194 Fridge", "from_node": 1, "to_node": 3, "baseline": 0.28833237290382385, "current": 0.5621621608734131, "delta": 0.27382978796958923}, {"name": "Freezer_Garage \u2194 Fridge", "from_node": 2, "to_node": 3, "baseline": 0.25336694717407227, "current": 0.0279720276594162, "delta": -0.22539491951465607}, {"name": "Freezer \u2194 Freezer_Garage", "from_node": 1, "to_node": 2, "baseline": 0.24079018831253052, "current": 0.027397260069847107, "delta": -0.2133929282426834}, {"name": "Television_Site \u2194 Tumble_Dryer", "from_node": 5, "to_node": 7, "baseline": 0.16288228332996368, "current": 0.0, "delta": -0.16288228332996368}, {"name": "Freezer \u2194 Washing_Machine", "from_node": 1, "to_node": 8, "baseline": 0.03792170062661171, "current": 0.1753246784210205, "delta": 0.1374029815196991}, {"name": "Fridge \u2194 Washing_Machine", "from_node": 3, "to_node": 8, "baseline": 0.053836822509765625, "current": 0.17880794405937195, "delta": 0.12497112154960632}, {"name": "Freezer_Garage \u2194 Television_Site", "from_node": 2, "to_node": 5, "baseline": 0.10990971326828003, "current": 0.021276595070958138, "delta": -0.08863312005996704}], "isolated_nodes": [4, 6], "connected_nodes": [0, 1, 2, 3, 5, 7, 8], "connectivity_threshold": 0.05}