{"house_id": 17, "timestamp": "2026-07-01 11:46:28", "graph_drift": 0.03686267137527466, "appliances": [{"name": "Computer_Site", "icon": "fa-tv", "health": 50.53360575789579, "severity": "Minor", "confidence": 0.72, "rul": 34, "root_cause": "Internal component thermal drift", "recommendations": ["Perform general physical inspection.", "Check for standard utility connection tightness.", "Update control firmware if applicable."], "drift_ratio": 1.2732978967144466, "normal_error": 0.1433933973312378, "faulty_error": 0.18258251249790192}, {"name": "Freezer_Garage", "icon": "fa-snowflake", "health": 46.2437450154445, "severity": "Moderate", "confidence": 0.94, "rul": 2, "root_cause": "Compressor efficiency loss & Door Gasket wear", "recommendations": ["Inspect and clean door gasket seals.", "Replace magnetic door gasket strip if cracked.", "Ensure unit is leveled so door closes firmly."], "drift_ratio": 1.5752789234277769, "normal_error": 0.23211026191711426, "faulty_error": 0.36563840508461}, {"name": "Fridge_Freezer", "icon": "fa-snowflake", "health": 51.840567441180106, "severity": "Moderate", "confidence": 0.94, "rul": 90, "root_cause": "Compressor efficiency loss & Door Gasket wear", "recommendations": ["Inspect and clean door gasket seals.", "Replace magnetic door gasket strip if cracked.", "Ensure unit is leveled so door closes firmly."], "drift_ratio": 1.5107201446154723, "normal_error": 0.20160137116909027, "faulty_error": 0.3045632541179657}, {"name": "Kettle", "icon": "fa-mug-hot", "health": 60.38253018026974, "severity": "Healthy", "confidence": 0.98, "rul": 77, "root_cause": "Normal Operation", "recommendations": ["General preventative maintenance check"], "drift_ratio": 1.0612784956461037, "normal_error": 0.12820880115032196, "faulty_error": 0.13606524467468262}, {"name": "Microwave", "icon": "fa-temperature-arrow-up", "health": 64.19490076504283, "severity": "Healthy", "confidence": 0.98, "rul": 120, "root_cause": "Normal Operation", "recommendations": ["General preventative maintenance check"], "drift_ratio": 1.0092135469400736, "normal_error": 0.13419780135154724, "faulty_error": 0.13543424010276794}, {"name": "Plug_Site_Bedroom", "icon": "fa-plug", "health": 64.32799679064352, "severity": "Healthy", "confidence": 0.98, "rul": 120, "root_cause": "Normal Operation", "recommendations": ["General preventative maintenance check"], "drift_ratio": 1.0321404692033382, "normal_error": 0.1217702105641365, "faulty_error": 0.1256839632987976}, {"name": "Television_Site", "icon": "fa-tv", "health": 62.403966627422356, "severity": "Healthy", "confidence": 0.98, "rul": 23, "root_cause": "Normal Operation", "recommendations": ["General preventative maintenance check"], "drift_ratio": 1.0503729694050243, "normal_error": 0.12925438582897186, "faulty_error": 0.13576531410217285}, {"name": "Tumble_Dryer_Garage", "icon": "fa-soap", "health": 45.71864463138263, "severity": "Minor", "confidence": 0.89, "rul": 90, "root_cause": "Motor windings overheat / Drum Imbalance", "recommendations": ["Re-level appliance feet to damp vibrations.", "Check drum suspension springs and shock dampers.", "Advise user to balance heavy laundry loads."], "drift_ratio": 1.1587400640982126, "normal_error": 0.25968223810195923, "faulty_error": 0.30090421438217163}, {"name": "Washing_Machine", "icon": "fa-soap", "health": 54.304888959237154, "severity": "Moderate", "confidence": 0.92, "rul": 9, "root_cause": "Bearing wear & Mechanical friction", "recommendations": ["Inspect motor and drum bearing assemblies for noise.", "Lubricate rotating bearings if serviceable.", "Check belt tension and alignment."], "drift_ratio": 1.5757183077802965, "normal_error": 0.2725711762905121, "faulty_error": 0.4294953942298889}], "appliance_names": ["Computer_Site", "Freezer_Garage", "Fridge_Freezer", "Kettle", "Microwave", "Plug_Site_Bedroom", "Television_Site", "Tumble_Dryer_Garage", "Washing_Machine"], "mean_adjacency": [[[1.0, 0.061648476868867874, 0.0394035279750824, 0.0, 0.0, 0.013915793038904667, 0.0029116752557456493, 0.06011814996600151, 0.0666177049279213], [0.061648476868867874, 1.0, 0.26543620228767395, 0.0, 0.0, 0.022306783124804497, 0.04572088271379471, 0.26059815287590027, 0.4325299561023712], [0.0394035279750824, 0.26543620228767395, 1.0, 0.0, 0.0, 0.01409302931278944, 0.04186558723449707, 0.18486158549785614, 0.36057060956954956], [0.0, 0.0, 0.0, 1.0, 0.0, 0.0, 0.0, 0.0, 0.0], [0.0, 0.0, 0.0, 0.0, 1.0, 0.0, 0.0, 0.0, 0.0], [0.013915793038904667, 0.022306783124804497, 0.01409302931278944, 0.0, 0.0, 1.0, 0.009930365718901157, 0.013887597247958183, 0.01741851679980755], [0.0029116752557456493, 0.04572088271379471, 0.04186558723449707, 0.0, 0.0, 0.009930365718901157, 1.0, 0.039452407509088516, 0.06351266801357269], [0.06011814996600151, 0.26059815287590027, 0.18486158549785614, 0.0, 0.0, 0.013887597247958183, 0.039452407509088516, 1.0, 0.32440224289894104], [0.0666177049279213, 0.4325299561023712, 0.36057060956954956, 0.0, 0.0, 0.01741851679980755, 0.06351266801357269, 0.32440224289894104, 1.0]], [[1.0, 0.5128626823425293, 0.4888974130153656, 0.49266818165779114, 0.4900822937488556, 0.5014687776565552, 0.48350512981414795, 0.5092395544052124, 0.5206462144851685], [0.5128626823425293, 1.0, 0.536615788936615, 0.5120336413383484, 0.5161929130554199, 0.5231773853302002, 0.49519386887550354, 0.5162671804428101, 0.5792644619941711], [0.4888974130153656, 0.536615788936615, 1.0, 0.5042305588722229, 0.5203120112419128, 0.5056753754615784, 0.5084556341171265, 0.5273142457008362, 0.5917063355445862], [0.49266818165779114, 0.5120336413383484, 0.5042305588722229, 1.0, 0.5028338432312012, 0.5118374824523926, 0.5122184157371521, 0.5104063153266907, 0.5156027674674988], [0.4900822937488556, 0.5161929130554199, 0.5203120112419128, 0.5028338432312012, 1.0, 0.5042546391487122, 0.4874839782714844, 0.505470871925354, 0.5357077121734619], [0.5014687776565552, 0.5231773853302002, 0.5056753754615784, 0.5118374824523926, 0.5042546391487122, 1.0, 0.5042775869369507, 0.5013652443885803, 0.5055084228515625], [0.48350512981414795, 0.49519386887550354, 0.5084556341171265, 0.5122184157371521, 0.4874839782714844, 0.5042775869369507, 1.0, 0.501517653465271, 0.5286397933959961], [0.5092395544052124, 0.5162671804428101, 0.5273142457008362, 0.5104063153266907, 0.505470871925354, 0.5013652443885803, 0.501517653465271, 1.0, 0.5200495719909668], [0.5206462144851685, 0.5792644619941711, 0.5917063355445862, 0.5156027674674988, 0.5357077121734619, 0.5055084228515625, 0.5286397933959961, 0.5200495719909668, 1.0]], [[1.0, 0.02142997644841671, 0.026405414566397667, 0.0, 0.0, 0.001665764139033854, 0.004878643900156021, 0.018076332286000252, 0.018205920234322548], [0.02142997644841671, 1.0, 0.052134111523628235, 0.0, 0.0, 0.003094307379797101, 0.02584974467754364, 0.04430459067225456, 0.08083167672157288], [0.026405414566397667, 0.052134111523628235, 1.0, 0.0, 0.0, 0.002329894108697772, 0.02035662531852722, 0.055039744824171066, 0.06803790479898453], [0.0, 0.0, 0.0, 1.0, 0.0, 0.0, 0.0, 0.0, 0.0], [0.0, 0.0, 0.0, 0.0, 1.0, 0.0, 0.0, 0.0, 0.0], [0.001665764139033854, 0.003094307379797101, 0.002329894108697772, 0.0, 0.0, 1.0, 0.001430769800208509, 0.003441275330260396, 0.0018330689053982496], [0.004878643900156021, 0.02584974467754364, 0.02035662531852722, 0.0, 0.0, 0.001430769800208509, 1.0, 0.01181832142174244, 0.019866997376084328], [0.018076332286000252, 0.04430459067225456, 0.055039744824171066, 0.0, 0.0, 0.003441275330260396, 0.01181832142174244, 1.0, 0.08521786332130432], [0.018205920234322548, 0.08083167672157288, 0.06803790479898453, 0.0, 0.0, 0.0018330689053982496, 0.019866997376084328, 0.08521786332130432, 1.0]], [[1.0, 0.0318080373108387, 0.024752870202064514, 0.0, 0.0, 0.0012755101779475808, 0.0007971939048729837, 0.04041773080825806, 0.048748403787612915], [0.0318080373108387, 1.0, 0.20798788964748383, 0.0, 0.0, 0.010801977477967739, 0.023557079955935478, 0.20380261540412903, 0.35299745202064514], [0.024752870202064514, 0.20798788964748383, 1.0, 0.0, 0.0, 0.007892219349741936, 0.025629783049225807, 0.15892060101032257, 0.31357622146606445], [0.0, 0.0, 0.0, 1.0, 0.0, 0.0, 0.0, 0.0, 0.0], [0.0, 0.0, 0.0, 0.0, 1.0, 0.0, 0.0, 0.0, 0.0], [0.0012755101779475808, 0.010801977477967739, 0.007892219349741936, 0.0, 0.0, 1.0, 0.0009566326625645161, 0.008131377398967743, 0.012037627398967743], [0.0007971939048729837, 0.023557079955935478, 0.025629783049225807, 0.0, 0.0, 0.0009566326625645161, 1.0, 0.023676658049225807, 0.04189253970980644], [0.04041773080825806, 0.20380261540412903, 0.15892060101032257, 0.0, 0.0, 0.008131377398967743, 0.023676658049225807, 1.0, 0.29197224974632263], [0.048748403787612915, 0.35299745202064514, 0.31357622146606445, 0.0, 0.0, 0.012037627398967743, 0.04189253970980644, 0.29197224974632263, 1.0]]], "injected_nodes": [0, 1, 2, 6, 7, 8], "drift_ratios": [1.2732978967144466, 1.5752789234277769, 1.5107201446154723, 1.0612784956461037, 1.0092135469400736, 1.0321404692033382, 1.0503729694050243, 1.1587400640982126, 1.5757183077802965], "statuses": ["Minor", "Moderate", "Moderate", "Healthy", "Healthy", "Healthy", "Healthy", "Minor", "Moderate"], "health_history": {"Computer_Site": [61.193722608170475, 61.27103337241262, 60.3026464100353, 60.809510314023, 60.126410164488234, 62.42558384766186, 62.365220894818606, 62.67690236962539, 66.31881869152238, 66.16206758454527, 65.93233551983516, 65.81249374247078, 65.6121922506758, 64.6366313338307, 61.10801868054143, 59.87612514412503, 56.384718548447005, 56.587712796364656, 52.914607737697295, 50.53360575789579], "Freezer_Garage": [67.8647279380211, 66.74205334461318, 66.85975917800107, 67.78432658145962, 67.41080860630142, 65.58737375343941, 64.33573932749763, 63.87410409447523, 62.841060582838416, 54.842694198194295, 51.42149160246169, 59.45204481900231, 65.33969375977688, 57.83388317345513, 52.215970925467374, 56.432664981173815, 58.79501895412689, 59.025575868691746, 50.186535528767955, 46.2437450154445], "Fridge_Freezer": [79.56814579732962, 79.48156722855083, 79.39506406022385, 79.30590538223505, 79.21371890485368, 79.11787786182416, 79.02426348838682, 78.92608267508739, 78.82500601318603, 75.07969827755208, 70.46097762717794, 64.7566648344357, 58.64038282317387, 52.355085986675235, 45.87380452583672, 38.65588892608645, 29.79406911356213, 37.070825340885435, 47.683438931666075, 51.840567441180106], "Kettle": [64.02743967552597, 63.998498375861814, 63.8374696873999, 63.50852896261353, 63.71284269359091, 63.8220976726019, 63.72656817166414, 63.40482101180441, 63.58446923216179, 63.3723415021296, 62.94140878246202, 62.726309042794874, 62.55947734281947, 62.084459090450075, 61.49766724360533, 61.59063691142684, 60.88495166308344, 60.82717319255987, 60.83920874690637, 60.38253018026974], "Microwave": [64.99518992128962, 64.65657377423753, 64.57936826845045, 65.3013843256829, 64.58737718738428, 65.0370939403251, 64.89537586372626, 64.91395434955602, 65.19864325052592, 65.17284767690137, 64.61091151188535, 64.35447640658361, 64.5684205135478, 64.19711868012385, 63.73855784306773, 63.777491510467144, 63.18321239196035, 64.15354827018382, 64.0974306852294, 64.19490076504283], "Plug_Site_Bedroom": [66.22555989544426, 66.08881628885021, 65.85423856860773, 65.89049840966963, 65.72469533285496, 65.61862890094363, 65.96697248047869, 65.63506816171318, 65.5709605427925, 65.45394870134386, 65.36587156598085, 65.37514429025077, 65.28119055266515, 65.34290439191113, 65.43777588601515, 65.14508979856322, 65.12034209226198, 64.78470119338587, 64.57751660203567, 64.32799679064352], "Television_Site": [68.32011858007368, 68.28447663711387, 68.1592687094462, 68.06918073275172, 67.9909830320212, 67.83153201738946, 67.71139958492765, 67.64367060886156, 65.18218954263537, 65.07768798484003, 65.20814471730596, 60.80117063202109, 60.280610512749426, 60.616385468758196, 60.62558325641173, 60.083008692487034, 60.97477320015564, 61.113082507724606, 57.6564226874058, 62.403966627422356], "Tumble_Dryer_Garage": [46.974909038662545, 40.001809079239145, 29.281140994071563, 31.25615016379156, 34.06590558998765, 44.383861346575905, 53.329072723238156, 57.90818559970238, 61.9683991758878, 65.91158978684719, 72.14431936350518, 71.62846566022185, 70.93304807406312, 67.61982562680362, 63.745017135851235, 56.47551042982567, 50.01136655507094, 43.9055010121301, 37.57012702128652, 45.71864463138263], "Washing_Machine": [62.52365375869006, 67.3115106165425, 71.69320770587458, 76.28202103802079, 79.7487029115811, 82.94043996244824, 85.25062901241942, 83.08523045356114, 84.68999371177826, 81.66468114606457, 78.2550647580303, 73.97321601830002, 69.05815996333097, 63.74078866831495, 59.131295736413165, 53.93567154225804, 54.22947912774577, 54.966179564116395, 54.48822778430106, 54.304888959237154]}, "added_edges": [{"name": "Computer_Site \u2194 Freezer_Garage", "from_node": 0, "to_node": 1, "baseline": 0.061648476868867874, "current": 0.25, "increase": 0.18835152685642242}, {"name": "Computer_Site \u2194 Fridge_Freezer", "from_node": 0, "to_node": 2, "baseline": 0.0394035279750824, "current": 0.12999999523162842, "increase": 0.09059646725654602}, {"name": "Computer_Site \u2194 Television_Site", "from_node": 0, "to_node": 6, "baseline": 0.0029116752557456493, "current": 0.13846154510974884, "increase": 0.1355498731136322}, {"name": "Computer_Site \u2194 Tumble_Dryer_Garage", "from_node": 0, "to_node": 7, "baseline": 0.06011814996600151, "current": 0.21461187303066254, "increase": 0.15449371933937073}, {"name": "Computer_Site \u2194 Washing_Machine", "from_node": 0, "to_node": 8, "baseline": 0.0666177049279213, "current": 0.22270742058753967, "increase": 0.15608972311019897}, {"name": "Freezer_Garage \u2194 Tumble_Dryer_Garage", "from_node": 1, "to_node": 7, "baseline": 0.26059815287590027, "current": 0.6603773832321167, "increase": 0.39977923035621643}, {"name": "Freezer_Garage \u2194 Washing_Machine", "from_node": 1, "to_node": 8, "baseline": 0.4325299561023712, "current": 0.6412556171417236, "increase": 0.20872566103935242}, {"name": "Fridge_Freezer \u2194 Tumble_Dryer_Garage", "from_node": 2, "to_node": 7, "baseline": 0.18486158549785614, "current": 0.6085106134414673, "increase": 0.42364901304244995}, {"name": "Fridge_Freezer \u2194 Washing_Machine", "from_node": 2, "to_node": 8, "baseline": 0.36057060956954956, "current": 0.5934959053993225, "increase": 0.23292529582977295}, {"name": "Tumble_Dryer_Garage \u2194 Washing_Machine", "from_node": 7, "to_node": 8, "baseline": 0.32440224289894104, "current": 0.7560975551605225, "increase": 0.4316953122615814}], "removed_edges": [], "edge_changes": [{"name": "Tumble_Dryer_Garage \u2194 Washing_Machine", "from_node": 7, "to_node": 8, "baseline": 0.32440224289894104, "current": 0.7560975551605225, "delta": 0.4316953122615814}, {"name": "Fridge_Freezer \u2194 Tumble_Dryer_Garage", "from_node": 2, "to_node": 7, "baseline": 0.18486158549785614, "current": 0.6085106134414673, "delta": 0.42364901304244995}, {"name": "Freezer_Garage \u2194 Tumble_Dryer_Garage", "from_node": 1, "to_node": 7, "baseline": 0.26059815287590027, "current": 0.6603773832321167, "delta": 0.39977923035621643}, {"name": "Fridge_Freezer \u2194 Washing_Machine", "from_node": 2, "to_node": 8, "baseline": 0.36057060956954956, "current": 0.5934959053993225, "delta": 0.23292529582977295}, {"name": "Freezer_Garage \u2194 Washing_Machine", "from_node": 1, "to_node": 8, "baseline": 0.4325299561023712, "current": 0.6412556171417236, "delta": 0.20872566103935242}, {"name": "Computer_Site \u2194 Freezer_Garage", "from_node": 0, "to_node": 1, "baseline": 0.061648476868867874, "current": 0.25, "delta": 0.18835152685642242}, {"name": "Computer_Site \u2194 Washing_Machine", "from_node": 0, "to_node": 8, "baseline": 0.0666177049279213, "current": 0.22270742058753967, "delta": 0.15608972311019897}, {"name": "Computer_Site \u2194 Tumble_Dryer_Garage", "from_node": 0, "to_node": 7, "baseline": 0.06011814996600151, "current": 0.21461187303066254, "delta": 0.15449371933937073}, {"name": "Computer_Site \u2194 Television_Site", "from_node": 0, "to_node": 6, "baseline": 0.0029116752557456493, "current": 0.13846154510974884, "delta": 0.1355498731136322}, {"name": "Computer_Site \u2194 Fridge_Freezer", "from_node": 0, "to_node": 2, "baseline": 0.0394035279750824, "current": 0.12999999523162842, "delta": 0.09059646725654602}], "isolated_nodes": [3, 4, 5], "connected_nodes": [0, 1, 2, 6, 7, 8], "connectivity_threshold": 0.05}