{"house_id": 5, "timestamp": "2026-07-01 11:46:18", "graph_drift": 0.026600420475006104, "appliances": [{"name": "Combination_Microwave", "icon": "fa-temperature-arrow-up", "health": 63.89775131573349, "severity": "Healthy", "confidence": 0.98, "rul": 120, "root_cause": "Normal Operation", "recommendations": ["General preventative maintenance check"], "drift_ratio": 1.01475165376903, "normal_error": 0.1372954547405243, "faulty_error": 0.13932079076766968}, {"name": "Computer_Site", "icon": "fa-tv", "health": 65.51020664118779, "severity": "Healthy", "confidence": 0.98, "rul": 120, "root_cause": "Normal Operation", "recommendations": ["General preventative maintenance check"], "drift_ratio": 1.0109684818236242, "normal_error": 0.1365973949432373, "faulty_error": 0.1380956619977951}, {"name": "Dishwasher", "icon": "fa-soap", "health": 56.45903451604758, "severity": "Healthy", "confidence": 0.98, "rul": 90, "root_cause": "Normal Operation", "recommendations": ["General preventative maintenance check"], "drift_ratio": 1.026534300119937, "normal_error": 0.3565792441368103, "faulty_error": 0.36604082584381104}, {"name": "Fridge_Freezer", "icon": "fa-snowflake", "health": 55.86001854938749, "severity": "Minor", "confidence": 0.94, "rul": 5, "root_cause": "Compressor efficiency loss & Door Gasket wear", "recommendations": ["Inspect and clean door gasket seals.", "Replace magnetic door gasket strip if cracked.", "Ensure unit is leveled so door closes firmly."], "drift_ratio": 1.2246207089412608, "normal_error": 0.24038882553577423, "faulty_error": 0.2943851351737976}, {"name": "Kettle", "icon": "fa-mug-hot", "health": 61.61028528509927, "severity": "Healthy", "confidence": 0.98, "rul": 84, "root_cause": "Normal Operation", "recommendations": ["General preventative maintenance check"], "drift_ratio": 1.0630484950861985, "normal_error": 0.13357146084308624, "faulty_error": 0.1419929414987564}, {"name": "Television_Site", "icon": "fa-tv", "health": 64.70758160901214, "severity": "Healthy", "confidence": 0.98, "rul": 120, "root_cause": "Normal Operation", "recommendations": ["General preventative maintenance check"], "drift_ratio": 1.039666301891112, "normal_error": 0.13553166389465332, "faulty_error": 0.14090770483016968}, {"name": "Toaster", "icon": "fa-plug", "health": 62.33344669618966, "severity": "Healthy", "confidence": 0.98, "rul": 120, "root_cause": "Normal Operation", "recommendations": ["General preventative maintenance check"], "drift_ratio": 1.0349319029811668, "normal_error": 0.12708762288093567, "faulty_error": 0.13152703642845154}, {"name": "Tumble_Dryer", "icon": "fa-soap", "health": 75.13872634026764, "severity": "Healthy", "confidence": 0.98, "rul": 90, "root_cause": "Normal Operation", "recommendations": ["General preventative maintenance check"], "drift_ratio": 0.9025597706380393, "normal_error": 0.17682242393493652, "faulty_error": 0.15959280729293823}, {"name": "Washing_Machine", "icon": "fa-soap", "health": 49.21292655429236, "severity": "Minor", "confidence": 0.89, "rul": 90, "root_cause": "Motor windings overheat / Drum Imbalance", "recommendations": ["Re-level appliance feet to damp vibrations.", "Check drum suspension springs and shock dampers.", "Advise user to balance heavy laundry loads."], "drift_ratio": 1.287003787579994, "normal_error": 0.23660628497600555, "faulty_error": 0.30451318621635437}], "appliance_names": ["Combination_Microwave", "Computer_Site", "Dishwasher", "Fridge_Freezer", "Kettle", "Television_Site", "Toaster", "Tumble_Dryer", "Washing_Machine"], "mean_adjacency": [[[1.0, 0.0, 0.0, 0.0, 0.0, 0.0, 0.0, 0.0, 0.0], [0.0, 1.0, 0.09582430869340897, 0.10106134414672852, 0.0, 0.02097231335937977, 0.0, 0.08593159168958664, 0.04196067899465561], [0.0, 0.09582430869340897, 1.0, 0.44537922739982605, 0.0, 0.04326141998171806, 0.0, 0.41540005803108215, 0.3766329884529114], [0.0, 0.10106134414672852, 0.44537922739982605, 1.0, 0.0, 0.031099528074264526, 0.0, 0.32461458444595337, 0.2529069483280182], [0.0, 0.0, 0.0, 0.0, 1.0, 0.0, 0.0, 0.0, 0.0], [0.0, 0.02097231335937977, 0.04326141998171806, 0.031099528074264526, 0.0, 1.0, 0.0, 0.040439423173666, 0.04340049624443054], [0.0, 0.0, 0.0, 0.0, 0.0, 0.0, 1.0, 0.0, 0.0], [0.0, 0.08593159168958664, 0.41540005803108215, 0.32461458444595337, 0.0, 0.040439423173666, 0.0, 1.0, 0.24148966372013092], [0.0, 0.04196067899465561, 0.3766329884529114, 0.2529069483280182, 0.0, 0.04340049624443054, 0.0, 0.24148966372013092, 1.0]], [[1.0, 0.48212313652038574, 0.5087729096412659, 0.49190637469291687, 0.5062437653541565, 0.49349623918533325, 0.5032147169113159, 0.5096986889839172, 0.5020920038223267], [0.48212313652038574, 1.0, 0.48771846294403076, 0.5103884935379028, 0.5040749907493591, 0.4969466030597687, 0.49702975153923035, 0.5219594836235046, 0.4499376118183136], [0.5087729096412659, 0.48771846294403076, 1.0, 0.5651927590370178, 0.49760085344314575, 0.5096094012260437, 0.5068842172622681, 0.4826263189315796, 0.5801231861114502], [0.49190637469291687, 0.5103884935379028, 0.5651927590370178, 1.0, 0.5135084986686707, 0.4875400960445404, 0.49153634905815125, 0.5373021960258484, 0.5595869421958923], [0.5062437653541565, 0.5040749907493591, 0.49760085344314575, 0.5135084986686707, 1.0, 0.5043941140174866, 0.5043506026268005, 0.5038630962371826, 0.5008112192153931], [0.49349623918533325, 0.4969466030597687, 0.5096094012260437, 0.4875400960445404, 0.5043941140174866, 1.0, 0.5127789974212646, 0.5273060202598572, 0.5255801677703857], [0.5032147169113159, 0.49702975153923035, 0.5068842172622681, 0.49153634905815125, 0.5043506026268005, 0.5127789974212646, 1.0, 0.5067716836929321, 0.4985267221927643], [0.5096986889839172, 0.5219594836235046, 0.4826263189315796, 0.5373021960258484, 0.5038630962371826, 0.5273060202598572, 0.5067716836929321, 1.0, 0.4494648873806], [0.5020920038223267, 0.4499376118183136, 0.5801231861114502, 0.5595869421958923, 0.5008112192153931, 0.5255801677703857, 0.4985267221927643, 0.4494648873806, 1.0]], [[1.0, 0.0, 0.0, 0.0, 0.0, 0.0, 0.0, 0.0, 0.0], [0.0, 1.0, 0.03845119848847389, 0.040669601410627365, 0.0, 0.006833652034401894, 0.0, 0.023084217682480812, 0.02357451617717743], [0.0, 0.03845119848847389, 1.0, 0.08645609766244888, 0.0, 0.018680525943636894, 0.0, 0.11850374937057495, 0.11289564520120621], [0.0, 0.040669601410627365, 0.08645609766244888, 1.0, 0.0, 0.026082539930939674, 0.0, 0.06889605522155762, 0.042140860110521317], [0.0, 0.0, 0.0, 0.0, 1.0, 0.0, 0.0, 0.0, 0.0], [0.0, 0.006833652034401894, 0.018680525943636894, 0.026082539930939674, 0.0, 1.0, 0.0, 0.011490333825349808, 0.01293420884758234], [0.0, 0.0, 0.0, 0.0, 0.0, 0.0, 1.0, 0.0, 0.0], [0.0, 0.023084217682480812, 0.11850374937057495, 0.06889605522155762, 0.0, 0.011490333825349808, 0.0, 1.0, 0.14820589125156403], [0.0, 0.02357451617717743, 0.11289564520120621, 0.042140860110521317, 0.0, 0.01293420884758234, 0.0, 0.14820589125156403, 1.0]], [[1.0, 0.0, 0.0, 0.0, 0.0, 0.0, 0.0, 0.0, 0.0], [0.0, 1.0, 0.06800063699483871, 0.05397002398967743, 0.0, 0.004145408049225807, 0.0, 0.05556441470980644, 0.029336735606193542], [0.0, 0.06800063699483871, 1.0, 0.36240434646606445, 0.0, 0.026307398453354836, 0.0, 0.3429926633834839, 0.32166773080825806], [0.0, 0.05397002398967743, 0.36240434646606445, 1.0, 0.0, 0.015625, 0.0, 0.2536272406578064, 0.21025988459587097], [0.0, 0.0, 0.0, 0.0, 1.0, 0.0, 0.0, 0.0, 0.0], [0.0, 0.004145408049225807, 0.026307398453354836, 0.015625, 0.0, 1.0, 0.0, 0.028220662847161293, 0.027423469349741936], [0.0, 0.0, 0.0, 0.0, 0.0, 0.0, 1.0, 0.0, 0.0], [0.0, 0.05556441470980644, 0.3429926633834839, 0.2536272406578064, 0.0, 0.028220662847161293, 0.0, 1.0, 0.19539222121238708], [0.0, 0.029336735606193542, 0.32166773080825806, 0.21025988459587097, 0.0, 0.027423469349741936, 0.0, 0.19539222121238708, 1.0]]], "injected_nodes": [1, 2, 3, 7, 8], "drift_ratios": [1.01475165376903, 1.0109684818236242, 1.026534300119937, 1.2246207089412608, 1.0630484950861985, 1.039666301891112, 1.0349319029811668, 0.9025597706380393, 1.287003787579994], "statuses": ["Healthy", "Healthy", "Healthy", "Minor", "Healthy", "Healthy", "Healthy", "Healthy", "Minor"], "health_history": {"Combination_Microwave": [65.30639644676084, 65.0496055212887, 65.26348533666398, 65.31626604069655, 64.94195126505721, 64.94622577228994, 65.28382689411833, 65.75440882406568, 65.28403154532279, 64.74121546288897, 64.2573505113693, 64.28654226808057, 64.19366537334828, 63.70938725807621, 63.0892014363271, 63.0543643954476, 63.06454289686174, 63.13686586024825, 63.758499685802484, 63.89775131573349], "Computer_Site": [62.441569353120826, 66.67196623697347, 67.02891685975301, 66.78875775057506, 66.2111380816069, 67.52519705637154, 67.61911928659148, 67.00195752878207, 65.97455171645602, 66.49689061482198, 65.64007216496341, 66.15523208079998, 65.85700471635707, 65.63067510385055, 65.05730551163128, 64.07180873106441, 65.51374589073961, 65.50025878203742, 65.22319992595487, 65.51020664118779], "Dishwasher": [54.02710855193785, 49.60642660999457, 49.202914757629316, 55.34180032897073, 55.1101120300629, 55.2808756226694, 56.4537028066168, 59.58021154478872, 58.97066670013165, 59.85607433253751, 59.900606868354885, 53.41730137583273, 53.18102936662305, 52.96950513901989, 55.70615035016463, 58.48241470000502, 58.7227953868944, 57.570135819271215, 57.15340104391609, 56.45903451604758], "Fridge_Freezer": [68.67322993516606, 67.50899010312804, 63.79287227798709, 63.263892328739516, 60.53900781667373, 59.975854650483285, 51.88669336489736, 53.61814827279579, 59.92893490182031, 64.75201471725053, 61.644580088693075, 54.501897378779084, 54.86846573516666, 61.17733535731723, 63.5691030595184, 56.45536760025572, 47.76247873725461, 46.43775102205176, 54.04786614233624, 55.86001854938749], "Kettle": [65.33405318694054, 65.17295230242667, 65.10951187958881, 65.1981600706172, 65.15344115949127, 65.08260398702934, 64.72827309041335, 64.43212512302989, 64.34543489513727, 64.35352055771654, 64.20680627064687, 63.86464616957246, 63.35546697853877, 63.51314344193039, 63.27767218810257, 62.71629676170422, 62.676980378489986, 62.0058180109121, 61.602106961713176, 61.61028528509927], "Television_Site": [67.32835500481978, 67.07437022957458, 66.94626564153138, 66.93801371156508, 66.73187967991916, 66.69931609377895, 66.58623740806246, 66.37024659349433, 66.16209343289691, 66.1896371882797, 66.02094101710057, 65.79900851437941, 65.76275003422441, 65.47524622549781, 65.42108803656019, 65.32388246624248, 65.125918255807, 65.00099351594619, 64.86299109060283, 64.70758160901214], "Toaster": [64.71271392064938, 64.6785066307456, 64.61739566579213, 64.52056889334744, 64.49685294853205, 64.5107219221083, 64.55026983368305, 64.31702783714232, 63.78644571556788, 63.71799699674845, 63.16166765915175, 63.10604667404624, 63.048804085876434, 63.130921211577316, 62.7534760288554, 62.813569224517195, 62.746157478183626, 62.730402324200995, 62.363002545724775, 62.33344669618966], "Tumble_Dryer": [68.560879815043, 65.22925866825777, 61.6145487387968, 56.90120511841641, 54.08904549267587, 56.88866084495385, 64.62379087851187, 70.53623379963025, 73.01138562271198, 75.7084438791629, 78.21623541896504, 80.14308132017939, 75.69909834900741, 75.62423197082188, 75.5467587793317, 75.46814583242512, 75.38838848751392, 75.30616592823979, 75.22371123955296, 75.13872634026764], "Washing_Machine": [79.52569467992032, 74.02154120860085, 73.95575956340214, 78.58147246505439, 74.12728292305607, 69.03186834783766, 63.94136459399188, 60.326913080549296, 56.4796051301979, 51.37325552763147, 44.471444021060066, 39.27487050193863, 42.375611827206285, 47.647164840666214, 54.32997757225891, 58.692379985838144, 55.676536721760314, 51.769590623392986, 49.48720686298221, 49.21292655429236]}, "added_edges": [{"name": "Dishwasher \u2194 Washing_Machine", "from_node": 2, "to_node": 8, "baseline": 0.3766329884529114, "current": 0.8787878751754761, "increase": 0.5021548867225647}], "removed_edges": [{"name": "Computer_Site \u2194 Dishwasher", "from_node": 1, "to_node": 2, "baseline": 0.09582430869340897, "current": 0.0, "decrease": 0.09582430869340897}, {"name": "Computer_Site \u2194 Tumble_Dryer", "from_node": 1, "to_node": 7, "baseline": 0.08593159168958664, "current": 0.0, "decrease": 0.08593159168958664}, {"name": "Dishwasher \u2194 Fridge_Freezer", "from_node": 2, "to_node": 3, "baseline": 0.44537922739982605, "current": 0.2310757040977478, "decrease": 0.21430352330207825}, {"name": "Dishwasher \u2194 Tumble_Dryer", "from_node": 2, "to_node": 7, "baseline": 0.41540005803108215, "current": 0.0, "decrease": 0.41540005803108215}, {"name": "Fridge_Freezer \u2194 Tumble_Dryer", "from_node": 3, "to_node": 7, "baseline": 0.32461458444595337, "current": 0.0, "decrease": 0.32461458444595337}, {"name": "Tumble_Dryer \u2194 Washing_Machine", "from_node": 7, "to_node": 8, "baseline": 0.24148966372013092, "current": 0.0, "decrease": 0.24148966372013092}], "edge_changes": [{"name": "Dishwasher \u2194 Washing_Machine", "from_node": 2, "to_node": 8, "baseline": 0.3766329884529114, "current": 0.8787878751754761, "delta": 0.5021548867225647}, {"name": "Dishwasher \u2194 Tumble_Dryer", "from_node": 2, "to_node": 7, "baseline": 0.41540005803108215, "current": 0.0, "delta": -0.41540005803108215}, {"name": "Fridge_Freezer \u2194 Tumble_Dryer", "from_node": 3, "to_node": 7, "baseline": 0.32461458444595337, "current": 0.0, "delta": -0.32461458444595337}, {"name": "Tumble_Dryer \u2194 Washing_Machine", "from_node": 7, "to_node": 8, "baseline": 0.24148966372013092, "current": 0.0, "delta": -0.24148966372013092}, {"name": "Dishwasher \u2194 Fridge_Freezer", "from_node": 2, "to_node": 3, "baseline": 0.44537922739982605, "current": 0.2310757040977478, "delta": -0.21430352330207825}, {"name": "Computer_Site \u2194 Dishwasher", "from_node": 1, "to_node": 2, "baseline": 0.09582430869340897, "current": 0.0, "delta": -0.09582430869340897}, {"name": "Computer_Site \u2194 Tumble_Dryer", "from_node": 1, "to_node": 7, "baseline": 0.08593159168958664, "current": 0.0, "delta": -0.08593159168958664}, {"name": "Television_Site \u2194 Washing_Machine", "from_node": 5, "to_node": 8, "baseline": 0.04340049624443054, "current": 0.0, "delta": -0.04340049624443054}, {"name": "Dishwasher \u2194 Television_Site", "from_node": 2, "to_node": 5, "baseline": 0.04326141998171806, "current": 0.0, "delta": -0.04326141998171806}, {"name": "Computer_Site \u2194 Washing_Machine", "from_node": 1, "to_node": 8, "baseline": 0.04196067899465561, "current": 0.0, "delta": -0.04196067899465561}], "isolated_nodes": [0, 4, 5, 6], "connected_nodes": [1, 2, 3, 7, 8], "connectivity_threshold": 0.05}