{"house_id": 4, "timestamp": "2026-07-01 11:46:17", "graph_drift": 0.05395466089248657, "appliances": [{"name": "Computer_Site", "icon": "fa-tv", "health": 64.30645869108059, "severity": "Healthy", "confidence": 0.98, "rul": 97, "root_cause": "Normal Operation", "recommendations": ["General preventative maintenance check"], "drift_ratio": 1.0508062271367355, "normal_error": 0.13037854433059692, "faulty_error": 0.1370025873184204}, {"name": "Freezer", "icon": "fa-snowflake", "health": 76.18886513959829, "severity": "Healthy", "confidence": 0.98, "rul": 90, "root_cause": "Normal Operation", "recommendations": ["General preventative maintenance check"], "drift_ratio": 0.5041334770458936, "normal_error": 0.26218029856681824, "faulty_error": 0.13217386603355408}, {"name": "Fridge", "icon": "fa-snowflake", "health": 56.71638665361277, "severity": "Minor", "confidence": 0.94, "rul": 29, "root_cause": "Compressor efficiency loss & Door Gasket wear", "recommendations": ["Inspect and clean door gasket seals.", "Replace magnetic door gasket strip if cracked.", "Ensure unit is leveled so door closes firmly."], "drift_ratio": 1.2804151062742373, "normal_error": 0.23091080784797668, "faulty_error": 0.29566168785095215}, {"name": "Fridge_Freezer", "icon": "fa-snowflake", "health": 75.14713722971177, "severity": "Healthy", "confidence": 0.98, "rul": 4, "root_cause": "Normal Operation", "recommendations": ["General preventative maintenance check"], "drift_ratio": 0.6827994138262229, "normal_error": 0.22159597277641296, "faulty_error": 0.15130560100078583}, {"name": "Kettle", "icon": "fa-mug-hot", "health": 63.21475925470753, "severity": "Healthy", "confidence": 0.98, "rul": 113, "root_cause": "Normal Operation", "recommendations": ["General preventative maintenance check"], "drift_ratio": 1.0269422925124576, "normal_error": 0.1308164894580841, "faulty_error": 0.13434098660945892}, {"name": "Microwave", "icon": "fa-temperature-arrow-up", "health": 63.098437197286934, "severity": "Healthy", "confidence": 0.98, "rul": 120, "root_cause": "Normal Operation", "recommendations": ["General preventative maintenance check"], "drift_ratio": 1.0406476607838948, "normal_error": 0.13345204293727875, "faulty_error": 0.1388765573501587}, {"name": "Television_Site", "icon": "fa-tv", "health": 61.60993580894172, "severity": "Healthy", "confidence": 0.98, "rul": 87, "root_cause": "Normal Operation", "recommendations": ["General preventative maintenance check"], "drift_ratio": 1.0709964773939138, "normal_error": 0.15286871790885925, "faulty_error": 0.16372185945510864}, {"name": "Washing_Machine_1", "icon": "fa-soap", "health": 77.67905083286888, "severity": "Healthy", "confidence": 0.98, "rul": 90, "root_cause": "Normal Operation", "recommendations": ["General preventative maintenance check"], "drift_ratio": 0.6971490662376383, "normal_error": 0.2787415385246277, "faulty_error": 0.19432440400123596}, {"name": "Washing_Machine_2", "icon": "fa-soap", "health": 64.02233843357347, "severity": "Healthy", "confidence": 0.98, "rul": 94, "root_cause": "Normal Operation", "recommendations": ["General preventative maintenance check"], "drift_ratio": 1.0947860544150732, "normal_error": 0.13576623797416687, "faulty_error": 0.14863498508930206}], "appliance_names": ["Computer_Site", "Freezer", "Fridge", "Fridge_Freezer", "Kettle", "Microwave", "Television_Site", "Washing_Machine_1", "Washing_Machine_2"], "mean_adjacency": [[[1.0, 0.02224220521748066, 0.062388498336076736, 0.045999448746442795, 0.0, 0.0, 0.034600142389535904, 0.03767106682062149, 0.03051052801311016], [0.02224220521748066, 1.0, 0.2912595868110657, 0.30313366651535034, 0.0, 0.0, 0.09606605023145676, 0.2908923923969269, 0.04306633770465851], [0.062388498336076736, 0.2912595868110657, 1.0, 0.2712387144565582, 0.0, 0.0, 0.13915328681468964, 0.39017343521118164, 0.11797065287828445], [0.045999448746442795, 0.30313366651535034, 0.2712387144565582, 1.0, 0.0, 0.0, 0.10388615727424622, 0.31126299500465393, 0.04385383427143097], [0.0, 0.0, 0.0, 0.0, 1.0, 0.0, 0.0, 0.0, 0.0], [0.0, 0.0, 0.0, 0.0, 0.0, 1.0, 0.0, 0.0, 0.0], [0.034600142389535904, 0.09606605023145676, 0.13915328681468964, 0.10388615727424622, 0.0, 0.0, 1.0, 0.14766989648342133, 0.04599585756659508], [0.03767106682062149, 0.2908923923969269, 0.39017343521118164, 0.31126299500465393, 0.0, 0.0, 0.14766989648342133, 1.0, 0.09314154833555222], [0.03051052801311016, 0.04306633770465851, 0.11797065287828445, 0.04385383427143097, 0.0, 0.0, 0.04599585756659508, 0.09314154833555222, 1.0]], [[1.0, 0.4950951039791107, 0.5388752222061157, 0.5532107949256897, 0.49769675731658936, 0.507091224193573, 0.503983736038208, 0.48104825615882874, 0.504568338394165], [0.4950951039791107, 1.0, 0.5568152070045471, 0.554633617401123, 0.5095090270042419, 0.5043453574180603, 0.5040724277496338, 0.4436470568180084, 0.5103988647460938], [0.5388752222061157, 0.5568152070045471, 1.0, 0.5346347689628601, 0.48316672444343567, 0.5149059295654297, 0.5019044876098633, 0.5225303173065186, 0.5534958243370056], [0.5532107949256897, 0.554633617401123, 0.5346347689628601, 1.0, 0.492325097322464, 0.5004127025604248, 0.48630914092063904, 0.4935218393802643, 0.48998960852622986], [0.49769675731658936, 0.5095090270042419, 0.48316672444343567, 0.492325097322464, 1.0, 0.4844759702682495, 0.5115916132926941, 0.48156455159187317, 0.4975161850452423], [0.507091224193573, 0.5043453574180603, 0.5149059295654297, 0.5004127025604248, 0.4844759702682495, 1.0, 0.503274142742157, 0.5105828046798706, 0.4972042143344879], [0.503983736038208, 0.5040724277496338, 0.5019044876098633, 0.48630914092063904, 0.5115916132926941, 0.503274142742157, 1.0, 0.5114547610282898, 0.4898569583892822], [0.48104825615882874, 0.4436470568180084, 0.5225303173065186, 0.4935218393802643, 0.48156455159187317, 0.5105828046798706, 0.5114547610282898, 1.0, 0.5227324366569519], [0.504568338394165, 0.5103988647460938, 0.5534958243370056, 0.48998960852622986, 0.4975161850452423, 0.4972042143344879, 0.4898569583892822, 0.5227324366569519, 1.0]], [[1.0, 0.014491822570562363, 0.02589559555053711, 0.020702697336673737, 0.0, 0.0, 0.001575987203978002, 0.028528297320008278, 0.007791202049702406], [0.014491822570562363, 1.0, 0.05761333182454109, 0.1755744218826294, 0.0, 0.0, 0.002559823216870427, 0.1496671587228775, 0.028955625370144844], [0.02589559555053711, 0.05761333182454109, 1.0, 0.043621908873319626, 0.0, 0.0, 0.005911963526159525, 0.04582294449210167, 0.05195311829447746], [0.020702697336673737, 0.1755744218826294, 0.043621908873319626, 1.0, 0.0, 0.0, 0.0037437372375279665, 0.14831139147281647, 0.02855391800403595], [0.0, 0.0, 0.0, 0.0, 1.0, 0.0, 0.0, 0.0, 0.0], [0.0, 0.0, 0.0, 0.0, 0.0, 1.0, 0.0, 0.0, 0.0], [0.001575987203978002, 0.002559823216870427, 0.005911963526159525, 0.0037437372375279665, 0.0, 0.0, 1.0, 0.0031424171756953, 0.004419907461851835], [0.028528297320008278, 0.1496671587228775, 0.04582294449210167, 0.14831139147281647, 0.0, 0.0, 0.0031424171756953, 1.0, 0.028075039386749268], [0.007791202049702406, 0.028955625370144844, 0.05195311829447746, 0.02855391800403595, 0.0, 0.0, 0.004419907461851835, 0.028075039386749268, 1.0]], [[1.0, 0.013020833022892475, 0.03092447854578495, 0.0244140625, 0.0, 0.0, 0.0077718100510537624, 0.01981608010828495, 0.005859375], [0.013020833022892475, 1.0, 0.2226155549287796, 0.2145182341337204, 0.0, 0.0, 0.0634358748793602, 0.24169921875, 0.02644856832921505], [0.03092447854578495, 0.2226155549287796, 1.0, 0.2119140625, 0.0, 0.0, 0.080078125, 0.3120931088924408, 0.060302734375], [0.0244140625, 0.2145182341337204, 0.2119140625, 1.0, 0.0, 0.0, 0.06787109375, 0.2408854216337204, 0.02864583395421505], [0.0, 0.0, 0.0, 0.0, 1.0, 0.0, 0.0, 0.0, 0.0], [0.0, 0.0, 0.0, 0.0, 0.0, 1.0, 0.0, 0.0, 0.0], [0.0077718100510537624, 0.0634358748793602, 0.080078125, 0.06787109375, 0.0, 0.0, 1.0, 0.1005452498793602, 0.012044270522892475], [0.01981608010828495, 0.24169921875, 0.3120931088924408, 0.2408854216337204, 0.0, 0.0, 0.1005452498793602, 1.0, 0.0569661445915699], [0.005859375, 0.02644856832921505, 0.060302734375, 0.02864583395421505, 0.0, 0.0, 0.012044270522892475, 0.0569661445915699, 1.0]]], "injected_nodes": [0, 1, 2, 3, 6, 7, 8], "drift_ratios": [1.0508062271367355, 0.5041334770458936, 1.2804151062742373, 0.6827994138262229, 1.0269422925124576, 1.0406476607838948, 1.0709964773939138, 0.6971490662376383, 1.0947860544150732], "statuses": ["Healthy", "Healthy", "Minor", "Healthy", "Healthy", "Healthy", "Healthy", "Healthy", "Healthy"], "health_history": {"Computer_Site": [67.61727083443978, 67.67069610823773, 67.56040396595938, 67.4715611306413, 67.35743917093012, 67.2376996280205, 67.1258293602617, 67.02830004090315, 66.9231537911815, 66.76363694526464, 66.65286923011702, 66.52201486986309, 66.38697158613219, 65.07709637955887, 64.74062760400409, 64.59594474938046, 64.47997873160485, 64.14797839990732, 64.18265833820165, 64.30645869108059], "Freezer": [43.85707431557575, 36.27067523122942, 27.890405036943477, 29.035004339003706, 35.84134647068818, 42.29803418850913, 39.78700910314309, 42.93151504018387, 44.200146468723155, 44.154435728317885, 43.426795261276965, 46.59922480189395, 47.64461236188829, 51.24521635142013, 60.43937288235828, 65.05930651802998, 69.2038382525934, 72.31056061721205, 75.12147317867007, 76.18886513959829], "Fridge": [63.82925922629488, 65.62793952625526, 64.82559828903211, 64.02791012008538, 62.33596679982339, 61.73683135866976, 64.78130579100852, 65.25020549415454, 59.09942077698605, 53.92807093780377, 61.88064672631669, 66.86923111155323, 59.768315157353555, 52.80679273798492, 54.75621238060833, 60.75695582442859, 62.7438705151228, 59.663290628943, 58.92327607419779, 56.71638665361277], "Fridge_Freezer": [69.02390471645622, 73.7415602563789, 75.66004532917573, 77.85603508809803, 76.31568068403345, 71.65710056530645, 66.64649839227769, 62.986020228436544, 57.60027591374215, 51.43269522528587, 41.70541900238659, 33.619233308433834, 33.6129821224157, 42.99396613692883, 50.87332421893768, 56.2412083518097, 60.84214979413062, 66.54431328457555, 73.02946352365649, 75.14713722971177], "Kettle": [65.55218310528085, 65.44020921486812, 65.4974222707063, 65.20733795999345, 65.28718815987602, 65.21199758841787, 64.71663665245765, 64.71490663279745, 64.60616020830741, 64.37445998089144, 64.14337178873261, 63.62711188885831, 63.63863855286793, 63.47202215469705, 63.32504800804557, 62.84778699475673, 62.95841032736868, 63.16360942815017, 62.63543524193672, 63.21475925470753], "Microwave": [65.93240069843286, 65.8146463661999, 65.61714851509768, 65.3344470501649, 65.06866435663866, 65.1020030075264, 65.09821380456923, 64.83823963846015, 64.94628537544646, 64.71292669761144, 65.13084371216613, 64.61977644811202, 64.35078263274852, 64.2765704791156, 63.797190771243756, 63.51113168446385, 63.20657796130666, 63.17905971621522, 63.04722950465852, 63.098437197286934], "Television_Site": [66.04148222315723, 65.33221285320823, 65.46089266500614, 64.89541847738394, 65.05113195117491, 64.9752266554353, 64.53413107269445, 64.63642013238771, 64.74221724386348, 65.33786277326028, 65.17823244085561, 65.25423207663319, 64.13088331555898, 63.14631923257244, 62.646771261117365, 63.20865703322104, 62.383307487657, 62.03809632425356, 62.30636794557516, 61.60993580894172], "Washing_Machine_1": [67.14470632000217, 66.79801237981872, 63.60883001672485, 56.46168088349051, 49.042618156284654, 48.007897105803764, 53.6238651624606, 60.29729132885856, 66.68254016016105, 71.7257718952626, 74.52774131758075, 74.41595591105516, 73.91780138867223, 73.02642103111572, 72.83783728734628, 72.3586217562848, 72.5213019578347, 71.7625921014359, 74.47872929620792, 77.67905083286888], "Washing_Machine_2": [68.41540956890792, 68.20989300796079, 68.05172760116017, 68.0909560557989, 68.19106147415526, 67.92391771791964, 67.399018920732, 60.622169927234395, 60.47284498956944, 60.30779404397648, 60.157206697418225, 60.035503266338736, 59.88591863313002, 59.74328806948212, 66.50647419187166, 66.33262605973366, 66.43875857883489, 66.0278553047125, 66.03307446376567, 64.02233843357347]}, "added_edges": [{"name": "Computer_Site \u2194 Washing_Machine_1", "from_node": 0, "to_node": 7, "baseline": 0.03767106682062149, "current": 0.1428571492433548, "increase": 0.1051860824227333}, {"name": "Fridge_Freezer \u2194 Television_Site", "from_node": 3, "to_node": 6, "baseline": 0.10388615727424622, "current": 0.1875, "increase": 0.08361384272575378}, {"name": "Fridge_Freezer \u2194 Washing_Machine_1", "from_node": 3, "to_node": 7, "baseline": 0.31126299500465393, "current": 0.5555555820465088, "increase": 0.24429258704185486}], "removed_edges": [{"name": "Freezer \u2194 Fridge", "from_node": 1, "to_node": 2, "baseline": 0.2912595868110657, "current": 0.0, "decrease": 0.2912595868110657}, {"name": "Freezer \u2194 Fridge_Freezer", "from_node": 1, "to_node": 3, "baseline": 0.30313366651535034, "current": 0.0, "decrease": 0.30313366651535034}, {"name": "Freezer \u2194 Television_Site", "from_node": 1, "to_node": 6, "baseline": 0.09606605023145676, "current": 0.0, "decrease": 0.09606605023145676}, {"name": "Freezer \u2194 Washing_Machine_1", "from_node": 1, "to_node": 7, "baseline": 0.2908923923969269, "current": 0.0, "decrease": 0.2908923923969269}, {"name": "Fridge \u2194 Washing_Machine_2", "from_node": 2, "to_node": 8, "baseline": 0.11797065287828445, "current": 0.0, "decrease": 0.11797065287828445}, {"name": "Washing_Machine_1 \u2194 Washing_Machine_2", "from_node": 7, "to_node": 8, "baseline": 0.09314154833555222, "current": 0.0, "decrease": 0.09314154833555222}], "edge_changes": [{"name": "Freezer \u2194 Fridge_Freezer", "from_node": 1, "to_node": 3, "baseline": 0.30313366651535034, "current": 0.0, "delta": -0.30313366651535034}, {"name": "Freezer \u2194 Fridge", "from_node": 1, "to_node": 2, "baseline": 0.2912595868110657, "current": 0.0, "delta": -0.2912595868110657}, {"name": "Freezer \u2194 Washing_Machine_1", "from_node": 1, "to_node": 7, "baseline": 0.2908923923969269, "current": 0.0, "delta": -0.2908923923969269}, {"name": "Fridge_Freezer \u2194 Washing_Machine_1", "from_node": 3, "to_node": 7, "baseline": 0.31126299500465393, "current": 0.5555555820465088, "delta": 0.24429258704185486}, {"name": "Fridge \u2194 Washing_Machine_2", "from_node": 2, "to_node": 8, "baseline": 0.11797065287828445, "current": 0.0, "delta": -0.11797065287828445}, {"name": "Computer_Site \u2194 Washing_Machine_1", "from_node": 0, "to_node": 7, "baseline": 0.03767106682062149, "current": 0.1428571492433548, "delta": 0.1051860824227333}, {"name": "Freezer \u2194 Television_Site", "from_node": 1, "to_node": 6, "baseline": 0.09606605023145676, "current": 0.0, "delta": -0.09606605023145676}, {"name": "Washing_Machine_1 \u2194 Washing_Machine_2", "from_node": 7, "to_node": 8, "baseline": 0.09314154833555222, "current": 0.0, "delta": -0.09314154833555222}, {"name": "Fridge_Freezer \u2194 Television_Site", "from_node": 3, "to_node": 6, "baseline": 0.10388615727424622, "current": 0.1875, "delta": 0.08361384272575378}, {"name": "Fridge \u2194 Television_Site", "from_node": 2, "to_node": 6, "baseline": 0.13915328681468964, "current": 0.20454545319080353, "delta": 0.06539216637611389}], "isolated_nodes": [4, 5], "connected_nodes": [0, 1, 2, 3, 6, 7, 8], "connectivity_threshold": 0.05}