{"house_id": 6, "timestamp": "2026-07-01 11:46:18", "graph_drift": 0.040052831172943115, "appliances": [{"name": "Dishwasher", "icon": "fa-soap", "health": 65.12574383541646, "severity": "Healthy", "confidence": 0.98, "rul": 76, "root_cause": "Normal Operation", "recommendations": ["General preventative maintenance check"], "drift_ratio": 1.1120304661049387, "normal_error": 0.21107739210128784, "faulty_error": 0.2347244918346405}, {"name": "Freezer_Utility_Room", "icon": "fa-snowflake", "health": 49.691683769974894, "severity": "Moderate", "confidence": 0.94, "rul": 90, "root_cause": "Compressor efficiency loss & Door Gasket wear", "recommendations": ["Inspect and clean door gasket seals.", "Replace magnetic door gasket strip if cracked.", "Ensure unit is leveled so door closes firmly."], "drift_ratio": 1.3551770483258463, "normal_error": 0.24225907027721405, "faulty_error": 0.3283039331436157}, {"name": "Kettle", "icon": "fa-mug-hot", "health": 62.334659007046056, "severity": "Healthy", "confidence": 0.98, "rul": 120, "root_cause": "Normal Operation", "recommendations": ["General preventative maintenance check"], "drift_ratio": 1.05292163070874, "normal_error": 0.13734379410743713, "faulty_error": 0.14461225271224976}, {"name": "MJY_Computer", "icon": "fa-tv", "health": 54.173507659483306, "severity": "Moderate", "confidence": 0.72, "rul": 1, "root_cause": "Internal component thermal drift", "recommendations": ["Perform general physical inspection.", "Check for standard utility connection tightness.", "Update control firmware if applicable."], "drift_ratio": 1.554654340569217, "normal_error": 0.24235008656978607, "faulty_error": 0.37677061557769775}, {"name": "Microwave", "icon": "fa-temperature-arrow-up", "health": 62.43931529915081, "severity": "Healthy", "confidence": 0.98, "rul": 97, "root_cause": "Normal Operation", "recommendations": ["General preventative maintenance check"], "drift_ratio": 1.0277293496685453, "normal_error": 0.13272389769554138, "faulty_error": 0.13640424609184265}, {"name": "PGM_Computer", "icon": "fa-tv", "health": 61.19067196857617, "severity": "Healthy", "confidence": 0.98, "rul": 109, "root_cause": "Normal Operation", "recommendations": ["General preventative maintenance check"], "drift_ratio": 1.052974914454028, "normal_error": 0.12530523538589478, "faulty_error": 0.13194327056407928}, {"name": "Television_Site", "icon": "fa-tv", "health": 58.539683659174585, "severity": "Healthy", "confidence": 0.98, "rul": 120, "root_cause": "Normal Operation", "recommendations": ["General preventative maintenance check"], "drift_ratio": 1.0903427507366847, "normal_error": 0.14943112432956696, "faulty_error": 0.1629311442375183}, {"name": "Toaster", "icon": "fa-plug", "health": 60.88206031735231, "severity": "Healthy", "confidence": 0.98, "rul": 82, "root_cause": "Normal Operation", "recommendations": ["General preventative maintenance check"], "drift_ratio": 1.0560994352613289, "normal_error": 0.13847008347511292, "faulty_error": 0.14623817801475525}, {"name": "Washing_Machine", "icon": "fa-soap", "health": 49.056399227669154, "severity": "Moderate", "confidence": 0.8, "rul": 14, "root_cause": "Standby board current leakage", "recommendations": ["Perform general physical inspection.", "Check for standard utility connection tightness.", "Update control firmware if applicable."], "drift_ratio": 1.3814123604311839, "normal_error": 0.25816264748573303, "faulty_error": 0.35662907361984253}], "appliance_names": ["Dishwasher", "Freezer_Utility_Room", "Kettle", "MJY_Computer", "Microwave", "PGM_Computer", "Television_Site", "Toaster", "Washing_Machine"], "mean_adjacency": [[[1.0, 0.2666616141796112, 0.0, 0.27902650833129883, 0.03624776378273964, 0.018659504130482674, 0.05566960573196411, 0.0, 0.4232485592365265], [0.2666616141796112, 1.0, 0.0, 0.3467871844768524, 0.006953164469450712, 0.021197954192757607, 0.07714293152093887, 0.0, 0.32876893877983093], [0.0, 0.0, 1.0, 0.0, 0.0, 0.0, 0.0, 0.0, 0.0], [0.27902650833129883, 0.3467871844768524, 0.0, 1.0, 0.02621636353433132, 0.01604853942990303, 0.10646720975637436, 0.0, 0.3653981387615204], [0.03624776378273964, 0.006953164469450712, 0.0, 0.02621636353433132, 1.0, 0.0044591668993234634, 0.022358210757374763, 0.0, 0.03890954330563545], [0.018659504130482674, 0.021197954192757607, 0.0, 0.01604853942990303, 0.0044591668993234634, 1.0, 0.024131648242473602, 0.0, 0.018725523725152016], [0.05566960573196411, 0.07714293152093887, 0.0, 0.10646720975637436, 0.022358210757374763, 0.024131648242473602, 1.0, 0.0, 0.07454315572977066], [0.0, 0.0, 0.0, 0.0, 0.0, 0.0, 0.0, 1.0, 0.0], [0.4232485592365265, 0.32876893877983093, 0.0, 0.3653981387615204, 0.03890954330563545, 0.018725523725152016, 0.07454315572977066, 0.0, 1.0]], [[1.0, 0.5237391591072083, 0.5089378356933594, 0.5229590535163879, 0.47629567980766296, 0.5011352896690369, 0.49701622128486633, 0.4943617582321167, 0.6199748516082764], [0.5237391591072083, 1.0, 0.487908273935318, 0.5413382053375244, 0.4469590485095978, 0.5106227397918701, 0.487868070602417, 0.4971541464328766, 0.4519670903682709], [0.5089378356933594, 0.487908273935318, 1.0, 0.501287043094635, 0.5156315565109253, 0.49569281935691833, 0.4944435656070709, 0.4976414740085602, 0.5016987919807434], [0.5229590535163879, 0.5413382053375244, 0.501287043094635, 1.0, 0.47354474663734436, 0.4954294264316559, 0.5372480750083923, 0.4921700954437256, 0.5581957697868347], [0.47629567980766296, 0.4469590485095978, 0.5156315565109253, 0.47354474663734436, 1.0, 0.4920978844165802, 0.5037116408348083, 0.4986182749271393, 0.46267199516296387], [0.5011352896690369, 0.5106227397918701, 0.49569281935691833, 0.4954294264316559, 0.4920978844165802, 1.0, 0.4936678111553192, 0.5002886652946472, 0.5037663578987122], [0.49701622128486633, 0.487868070602417, 0.4944435656070709, 0.5372480750083923, 0.5037116408348083, 0.4936678111553192, 1.0, 0.49054720997810364, 0.46584105491638184], [0.4943617582321167, 0.4971541464328766, 0.4976414740085602, 0.4921700954437256, 0.4986182749271393, 0.5002886652946472, 0.49054720997810364, 1.0, 0.5199985504150391], [0.6199748516082764, 0.4519670903682709, 0.5016987919807434, 0.5581957697868347, 0.46267199516296387, 0.5037663578987122, 0.46584105491638184, 0.5199985504150391, 1.0]], [[1.0, 0.029619509354233742, 0.0, 0.09983912855386734, 0.00856232363730669, 0.0022437910083681345, 0.02315470017492771, 0.0, 0.14010359346866608], [0.029619509354233742, 1.0, 0.0, 0.032129351049661636, 0.024595139548182487, 0.0052396077662706375, 0.035850606858730316, 0.0, 0.04142323136329651], [0.0, 0.0, 1.0, 0.0, 0.0, 0.0, 0.0, 0.0, 0.0], [0.09983912855386734, 0.032129351049661636, 0.0, 1.0, 0.037673283368349075, 0.0021545940544456244, 0.02266792021691799, 0.0, 0.12824194133281708], [0.00856232363730669, 0.024595139548182487, 0.0, 0.037673283368349075, 1.0, 0.0011597232660278678, 0.014494187198579311, 0.0, 0.01300746202468872], [0.0022437910083681345, 0.0052396077662706375, 0.0, 0.0021545940544456244, 0.0011597232660278678, 1.0, 0.00313241477124393, 0.0, 0.00275544635951519], [0.02315470017492771, 0.035850606858730316, 0.0, 0.02266792021691799, 0.014494187198579311, 0.00313241477124393, 1.0, 0.0, 0.025930216535925865], [0.0, 0.0, 0.0, 0.0, 0.0, 0.0, 0.0, 1.0, 0.0], [0.14010359346866608, 0.04142323136329651, 0.0, 0.12824194133281708, 0.01300746202468872, 0.00275544635951519, 0.025930216535925865, 0.0, 1.0]], [[1.0, 0.227294921875, 0.0, 0.2581787109375, 0.0283203125, 0.01220703125, 0.0390218086540699, 0.0, 0.3497314453125], [0.227294921875, 1.0, 0.0, 0.2720133364200592, 0.00390625, 0.010294596664607525, 0.04052734375, 0.0, 0.2784017026424408], [0.0, 0.0, 1.0, 0.0, 0.0, 0.0, 0.0, 0.0, 0.0], [0.2581787109375, 0.2720133364200592, 0.0, 1.0, 0.011393229477107525, 0.0101318359375, 0.0701090469956398, 0.0, 0.3194580078125], [0.0283203125, 0.00390625, 0.0, 0.011393229477107525, 1.0, 0.00032552084303461015, 0.0045572915114462376, 0.0, 0.0283203125], [0.01220703125, 0.010294596664607525, 0.0, 0.0101318359375, 0.00032552084303461015, 1.0, 0.0020345051307231188, 0.0, 0.012451171875], [0.0390218086540699, 0.04052734375, 0.0, 0.0701090469956398, 0.0045572915114462376, 0.0020345051307231188, 1.0, 0.0, 0.0552978515625], [0.0, 0.0, 0.0, 0.0, 0.0, 0.0, 0.0, 1.0, 0.0], [0.3497314453125, 0.2784017026424408, 0.0, 0.3194580078125, 0.0283203125, 0.012451171875, 0.0552978515625, 0.0, 1.0]]], "injected_nodes": [0, 1, 3, 6, 8], "drift_ratios": [1.1120304661049387, 1.3551770483258463, 1.05292163070874, 1.554654340569217, 1.0277293496685453, 1.052974914454028, 1.0903427507366847, 1.0560994352613289, 1.3814123604311839], "statuses": ["Healthy", "Moderate", "Healthy", "Moderate", "Healthy", "Healthy", "Healthy", "Healthy", "Moderate"], "health_history": {"Dishwasher": [82.69429939051446, 81.92076059253824, 78.85046618357521, 74.43271334484496, 71.35782610876868, 67.99966914818809, 62.930454391223144, 55.82760796309657, 48.70169223705727, 47.06624727480081, 54.508362930445536, 62.60252941346553, 67.09765517191298, 70.38915027451357, 74.63033885433438, 77.18134491704329, 75.05865070111847, 71.80080533546368, 68.09680373327659, 65.12574383541646], "Freezer_Utility_Room": [67.29652463471213, 66.38077009310763, 61.30562982154766, 60.83804691853999, 58.573722125820474, 57.65604266998254, 61.331934699328286, 60.721369258398134, 59.82830495728894, 54.646513476831466, 53.13502880601041, 59.70854469428218, 60.09767877949203, 51.68628766224281, 49.206495779494254, 52.41106011420381, 50.956660681621955, 50.23290206349208, 49.22320120361257, 49.691683769974894], "Kettle": [65.78387128937399, 65.09871411939726, 65.50078249174574, 65.21719302980578, 65.31024285052334, 64.83317962162741, 64.21420716876, 64.23383398600166, 64.58962001790981, 63.96281546751548, 63.40042972522417, 64.12022199843692, 63.5834167094657, 63.63838499354589, 63.84564061298855, 64.08172130098049, 63.90195564525597, 63.7559091487554, 62.96504582999606, 62.334659007046056], "MJY_Computer": [80.50027965695897, 82.9790063351454, 84.72584193418945, 84.67424948445611, 84.62160764146782, 84.5713237615619, 84.10956354302712, 81.70004063453675, 78.25067775579912, 74.14019893886224, 70.62604916670202, 65.40510385730862, 64.26880851636093, 61.02641172391569, 55.578219308328414, 55.49551842020461, 55.416728742174406, 54.85256115389035, 53.88082299980027, 54.173507659483306], "Microwave": [63.94544232230927, 65.11639710916049, 65.37897502331865, 65.22554299256348, 65.07366198225665, 64.91473162504434, 64.75363065985005, 64.5878684268533, 62.8742124057673, 62.608930463896264, 62.635129579141676, 62.140468946519015, 62.25807568750007, 61.734901718645546, 61.97408302275995, 61.87487515926682, 63.027033055446275, 62.832265098773746, 62.63493672739281, 62.43931529915081], "PGM_Computer": [65.17507453851601, 64.56469048625097, 64.12837628506361, 64.0757542875302, 64.29194891107946, 63.90741736771803, 63.353832288136246, 63.62859222328312, 62.782362479174566, 62.998171400926125, 62.86581432267247, 62.87525963374064, 63.061176666172045, 62.55710824635484, 62.738953495035744, 62.500370635321204, 62.404541270497774, 62.4406701332054, 61.83587656551922, 61.19067196857617], "Television_Site": [56.43110504671437, 61.15932483470948, 62.410711458771175, 62.763980896012725, 64.26887396551825, 65.719210215336, 65.8398206768754, 63.61368023249972, 64.77196989819511, 61.07122929733069, 61.01041975345156, 60.97221708745529, 60.640185678228136, 60.951119357072834, 61.7737147077989, 62.78187832365564, 61.22260665037319, 63.82180987357856, 59.58591343522354, 58.539683659174585], "Toaster": [64.79808420956674, 65.02391399781763, 64.46491990179418, 64.08462933049276, 64.01454779743312, 63.772351567665744, 63.37263730676134, 63.361253342569654, 63.285089201191894, 63.23887971349082, 62.57571198156053, 62.47140282227047, 62.43047077455181, 62.492723839238735, 62.42402544188445, 61.99945061212026, 61.96710835530955, 61.239698553744276, 61.30075183789139, 60.88206031735231], "Washing_Machine": [70.93166403817133, 72.53339759986883, 71.3361098298744, 68.78565303235683, 65.59127288034578, 63.805083803949685, 59.540039603358494, 54.162549166017605, 48.32499275373101, 50.80160433896179, 57.20417922351372, 65.05386441178655, 70.04732866775144, 68.78585099167722, 66.10916851998098, 62.16902452181702, 61.40088275808164, 58.83884640461919, 54.37052565372926, 49.056399227669154]}, "added_edges": [{"name": "Dishwasher \u2194 MJY_Computer", "from_node": 0, "to_node": 3, "baseline": 0.27902650833129883, "current": 0.6418604850769043, "increase": 0.36283397674560547}, {"name": "Dishwasher \u2194 Television_Site", "from_node": 0, "to_node": 6, "baseline": 0.05566960573196411, "current": 0.2777777910232544, "increase": 0.22210818529129028}, {"name": "Dishwasher \u2194 Washing_Machine", "from_node": 0, "to_node": 8, "baseline": 0.4232485592365265, "current": 0.5974025726318359, "increase": 0.17415401339530945}, {"name": "Freezer_Utility_Room \u2194 MJY_Computer", "from_node": 1, "to_node": 3, "baseline": 0.3467871844768524, "current": 0.4273504316806793, "increase": 0.0805632472038269}, {"name": "Freezer_Utility_Room \u2194 Washing_Machine", "from_node": 1, "to_node": 8, "baseline": 0.32876893877983093, "current": 0.5151515007019043, "increase": 0.18638256192207336}, {"name": "MJY_Computer \u2194 Television_Site", "from_node": 3, "to_node": 6, "baseline": 0.10646720975637436, "current": 0.21395349502563477, "increase": 0.1074862852692604}, {"name": "MJY_Computer \u2194 Washing_Machine", "from_node": 3, "to_node": 8, "baseline": 0.3653981387615204, "current": 0.8978723287582397, "increase": 0.532474160194397}, {"name": "Television_Site \u2194 Washing_Machine", "from_node": 6, "to_node": 8, "baseline": 0.07454315572977066, "current": 0.1991342008113861, "increase": 0.12459104508161545}], "removed_edges": [], "edge_changes": [{"name": "MJY_Computer \u2194 Washing_Machine", "from_node": 3, "to_node": 8, "baseline": 0.3653981387615204, "current": 0.8978723287582397, "delta": 0.532474160194397}, {"name": "Dishwasher \u2194 MJY_Computer", "from_node": 0, "to_node": 3, "baseline": 0.27902650833129883, "current": 0.6418604850769043, "delta": 0.36283397674560547}, {"name": "Dishwasher \u2194 Television_Site", "from_node": 0, "to_node": 6, "baseline": 0.05566960573196411, "current": 0.2777777910232544, "delta": 0.22210818529129028}, {"name": "Freezer_Utility_Room \u2194 Washing_Machine", "from_node": 1, "to_node": 8, "baseline": 0.32876893877983093, "current": 0.5151515007019043, "delta": 0.18638256192207336}, {"name": "Dishwasher \u2194 Washing_Machine", "from_node": 0, "to_node": 8, "baseline": 0.4232485592365265, "current": 0.5974025726318359, "delta": 0.17415401339530945}, {"name": "Television_Site \u2194 Washing_Machine", "from_node": 6, "to_node": 8, "baseline": 0.07454315572977066, "current": 0.1991342008113861, "delta": 0.12459104508161545}, {"name": "MJY_Computer \u2194 Television_Site", "from_node": 3, "to_node": 6, "baseline": 0.10646720975637436, "current": 0.21395349502563477, "delta": 0.1074862852692604}, {"name": "Freezer_Utility_Room \u2194 MJY_Computer", "from_node": 1, "to_node": 3, "baseline": 0.3467871844768524, "current": 0.4273504316806793, "delta": 0.0805632472038269}, {"name": "Freezer_Utility_Room \u2194 Television_Site", "from_node": 1, "to_node": 6, "baseline": 0.07714293152093887, "current": 0.13793103396892548, "delta": 0.0607881024479866}, {"name": "Microwave \u2194 Washing_Machine", "from_node": 4, "to_node": 8, "baseline": 0.03890954330563545, "current": 0.0, "delta": -0.03890954330563545}], "isolated_nodes": [2, 4, 5, 7], "connected_nodes": [0, 1, 3, 6, 8], "connectivity_threshold": 0.05}