{"house_id": 12, "timestamp": "2026-07-01 11:46:24", "graph_drift": 0.015746772289276123, "appliances": [{"name": "Fridge_Freezer", "icon": "fa-snowflake", "health": 49.4611314351824, "severity": "Moderate", "confidence": 0.85, "rul": 90, "root_cause": "Compressor electrical motor wear", "recommendations": ["Clean dust from condenser coils.", "Verify condenser fan is rotating freely.", "Check compressor current draw against rated plate value."], "drift_ratio": 1.3442222650524165, "normal_error": 0.23619846999645233, "faulty_error": 0.3175032436847687}, {"name": "Kettle", "icon": "fa-mug-hot", "health": 59.69547428184938, "severity": "Healthy", "confidence": 0.98, "rul": 48, "root_cause": "Normal Operation", "recommendations": ["General preventative maintenance check"], "drift_ratio": 0.9908551920479637, "normal_error": 0.254366397857666, "faulty_error": 0.2520402669906616}, {"name": "Microwave", "icon": "fa-temperature-arrow-up", "health": 78.6665038127007, "severity": "Healthy", "confidence": 0.98, "rul": 90, "root_cause": "Normal Operation", "recommendations": ["General preventative maintenance check"], "drift_ratio": 0.9864185794195258, "normal_error": 0.14501336216926575, "faulty_error": 0.1430438756942749}, {"name": "Not_Used", "icon": "fa-plug", "health": 62.32496468121622, "severity": "Healthy", "confidence": 0.98, "rul": 120, "root_cause": "Normal Operation", "recommendations": ["General preventative maintenance check"], "drift_ratio": 1.019205928234952, "normal_error": 0.1596965193748474, "faulty_error": 0.16276364028453827}, {"name": "Not_Used_1", "icon": "fa-plug", "health": 64.47971516717665, "severity": "Healthy", "confidence": 0.98, "rul": 90, "root_cause": "Normal Operation", "recommendations": ["General preventative maintenance check"], "drift_ratio": 0.9549183721254381, "normal_error": 0.14763981103897095, "faulty_error": 0.1409839689731598}, {"name": "Not_Used_2", "icon": "fa-plug", "health": 61.75935466634379, "severity": "Healthy", "confidence": 0.98, "rul": 120, "root_cause": "Normal Operation", "recommendations": ["General preventative maintenance check"], "drift_ratio": 1.0307698019615694, "normal_error": 0.13505610823631287, "faulty_error": 0.1392117589712143}, {"name": "Television_Site_Bedroom", "icon": "fa-tv", "health": 63.80011941244004, "severity": "Healthy", "confidence": 0.98, "rul": 90, "root_cause": "Normal Operation", "recommendations": ["General preventative maintenance check"], "drift_ratio": 0.9394300545819623, "normal_error": 0.141183540225029, "faulty_error": 0.1326320618391037}, {"name": "Television_Site_Lounge", "icon": "fa-tv", "health": 63.55732202755263, "severity": "Moderate", "confidence": 0.72, "rul": 120, "root_cause": "Internal component thermal drift", "recommendations": ["Perform general physical inspection.", "Check for standard utility connection tightness.", "Update control firmware if applicable."], "drift_ratio": 1.4155946617778596, "normal_error": 0.20463651418685913, "faulty_error": 0.2896823585033417}, {"name": "Toaster", "icon": "fa-plug", "health": 61.566579239954216, "severity": "Healthy", "confidence": 0.98, "rul": 90, "root_cause": "Normal Operation", "recommendations": ["General preventative maintenance check"], "drift_ratio": 1.1017655562436344, "normal_error": 0.13623157143592834, "faulty_error": 0.15009525418281555}], "appliance_names": ["Fridge_Freezer", "Kettle", "Microwave", "Not_Used", "Not_Used_1", "Not_Used_2", "Television_Site_Bedroom", "Television_Site_Lounge", "Toaster"], "mean_adjacency": [[[1.0, 0.0, 0.2746414542198181, 0.13447488844394684, 0.10066772997379303, 0.0181902963668108, 0.053156133741140366, 0.3551971912384033, 0.04326546564698219], [0.0, 1.0, 0.0, 0.0, 0.0, 0.0, 0.0, 0.0, 0.0], [0.2746414542198181, 0.0, 1.0, 0.10088276118040085, 0.07123173773288727, 0.015764625743031502, 0.032342132180929184, 0.4238836467266083, 0.05494237318634987], [0.13447488844394684, 0.0, 0.10088276118040085, 1.0, 0.07070330530405045, 0.01529374998062849, 0.034183062613010406, 0.14355963468551636, 0.03145136311650276], [0.10066772997379303, 0.0, 0.07123173773288727, 0.07070330530405045, 1.0, 0.01352880708873272, 0.044700738042593, 0.10571657866239548, 0.0348530076444149], [0.0181902963668108, 0.0, 0.015764625743031502, 0.01529374998062849, 0.01352880708873272, 1.0, 0.010431705974042416, 0.020440734922885895, 0.013840802945196629], [0.053156133741140366, 0.0, 0.032342132180929184, 0.034183062613010406, 0.044700738042593, 0.010431705974042416, 1.0, 0.033339161425828934, 0.021243562921881676], [0.3551971912384033, 0.0, 0.4238836467266083, 0.14355963468551636, 0.10571657866239548, 0.020440734922885895, 0.033339161425828934, 1.0, 0.06932056695222855], [0.04326546564698219, 0.0, 0.05494237318634987, 0.03145136311650276, 0.0348530076444149, 0.013840802945196629, 0.021243562921881676, 0.06932056695222855, 1.0]], [[1.0, 0.534895122051239, 0.4828072488307953, 0.5012244582176208, 0.4991074800491333, 0.49119654297828674, 0.4995487630367279, 0.5149961113929749, 0.48125240206718445], [0.534895122051239, 1.0, 0.49907001852989197, 0.5055329203605652, 0.5285564064979553, 0.5107325315475464, 0.5278422832489014, 0.5505054593086243, 0.5059489607810974], [0.4828072488307953, 0.49907001852989197, 1.0, 0.5118781328201294, 0.5000993013381958, 0.5148255228996277, 0.47764915227890015, 0.5570072531700134, 0.5004585981369019], [0.5012244582176208, 0.5055329203605652, 0.5118781328201294, 1.0, 0.5092337131500244, 0.5067586302757263, 0.4932336211204529, 0.5150412917137146, 0.49120619893074036], [0.4991074800491333, 0.5285564064979553, 0.5000993013381958, 0.5092337131500244, 1.0, 0.4926590919494629, 0.5090295076370239, 0.5103297233581543, 0.5043007731437683], [0.49119654297828674, 0.5107325315475464, 0.5148255228996277, 0.5067586302757263, 0.4926590919494629, 1.0, 0.5008063912391663, 0.5093430876731873, 0.5048664808273315], [0.4995487630367279, 0.5278422832489014, 0.47764915227890015, 0.4932336211204529, 0.5090295076370239, 0.5008063912391663, 1.0, 0.4837387204170227, 0.4917183816432953], [0.5149961113929749, 0.5505054593086243, 0.5570072531700134, 0.5150412917137146, 0.5103297233581543, 0.5093430876731873, 0.4837387204170227, 1.0, 0.5188777446746826], [0.48125240206718445, 0.5059489607810974, 0.5004585981369019, 0.49120619893074036, 0.5043007731437683, 0.5048664808273315, 0.4917183816432953, 0.5188777446746826, 1.0]], [[1.0, 0.0, 0.062359586358070374, 0.002294853562489152, 0.009509904310107231, 0.006208821665495634, 0.025647403672337532, 0.04576754942536354, 0.018698805943131447], [0.0, 1.0, 0.0, 0.0, 0.0, 0.0, 0.0, 0.0, 0.0], [0.062359586358070374, 0.0, 1.0, 0.002276209881529212, 0.0035271800588816404, 0.003082319861277938, 0.011979259550571442, 0.09769315272569656, 0.01670469157397747], [0.002294853562489152, 0.0, 0.002276209881529212, 1.0, 0.0022116554901003838, 0.0036702039651572704, 0.004075990524142981, 0.004015851765871048, 0.002175539266318083], [0.009509904310107231, 0.0, 0.0035271800588816404, 0.0022116554901003838, 1.0, 0.0033001371193677187, 0.0042640045285224915, 0.010326556861400604, 0.005112973507493734], [0.006208821665495634, 0.0, 0.003082319861277938, 0.0036702039651572704, 0.0033001371193677187, 1.0, 0.001963917398825288, 0.0031774011440575123, 0.002215907210484147], [0.025647403672337532, 0.0, 0.011979259550571442, 0.004075990524142981, 0.0042640045285224915, 0.001963917398825288, 1.0, 0.03754079341888428, 0.006377075798809528], [0.04576754942536354, 0.0, 0.09769315272569656, 0.004015851765871048, 0.010326556861400604, 0.0031774011440575123, 0.03754079341888428, 1.0, 0.02246028743684292], [0.018698805943131447, 0.0, 0.01670469157397747, 0.002175539266318083, 0.005112973507493734, 0.002215907210484147, 0.006377075798809528, 0.02246028743684292, 1.0]], [[1.0, 0.0, 0.2142857164144516, 0.0725446417927742, 0.05137914419174194, 0.008091517724096775, 0.02511160634458065, 0.2897002696990967, 0.022401148453354836], [0.0, 1.0, 0.0, 0.0, 0.0, 0.0, 0.0, 0.0, 0.0], [0.2142857164144516, 0.0, 1.0, 0.07270408421754837, 0.051020409911870956, 0.01052295882254839, 0.021683674305677414, 0.35841837525367737, 0.03762755170464516], [0.0725446417927742, 0.0, 0.07270408421754837, 1.0, 0.018056441098451614, 0.0027503189630806446, 0.007732780650258064, 0.10415337979793549, 0.008051658049225807], [0.05137914419174194, 0.0, 0.051020409911870956, 0.018056441098451614, 1.0, 0.0019132653251290321, 0.007732780650258064, 0.0731026753783226, 0.006855867337435484], [0.008091517724096775, 0.0, 0.01052295882254839, 0.0027503189630806446, 0.0019132653251290321, 1.0, 0.000717474496923387, 0.013751594349741936, 0.0015943878097459674], [0.02511160634458065, 0.0, 0.021683674305677414, 0.007732780650258064, 0.007732780650258064, 0.000717474496923387, 1.0, 0.024234693497419357, 0.004145408049225807], [0.2897002696990967, 0.0, 0.35841837525367737, 0.10415337979793549, 0.0731026753783226, 0.013751594349741936, 0.024234693497419357, 1.0, 0.04759247601032257], [0.022401148453354836, 0.0, 0.03762755170464516, 0.008051658049225807, 0.006855867337435484, 0.0015943878097459674, 0.004145408049225807, 0.04759247601032257, 1.0]]], "injected_nodes": [0, 2, 6, 7], "drift_ratios": [1.3442222650524165, 0.9908551920479637, 0.9864185794195258, 1.019205928234952, 0.9549183721254381, 1.0307698019615694, 0.9394300545819623, 1.4155946617778596, 1.1017655562436344], "statuses": ["Moderate", "Healthy", "Healthy", "Healthy", "Healthy", "Healthy", "Healthy", "Moderate", "Healthy"], "health_history": {"Fridge_Freezer": [65.00129458625753, 63.604445976379424, 62.11036108283008, 57.81144524308098, 61.24381608545009, 61.03726340119736, 55.779604208596034, 57.32516657658168, 64.0605658589568, 61.172013749084805, 54.10994372226234, 56.61959097525846, 57.849533308532685, 53.452176256899044, 52.19159364279874, 51.10769904536479, 46.74568813592577, 50.57358852384624, 52.80455580511168, 49.4611314351824], "Kettle": [56.25019658842591, 54.724508366898725, 58.05934387409496, 62.036782862102534, 63.29671927515918, 63.85010020529074, 63.99441279013354, 64.40763927849142, 64.3303192634163, 64.639434904306, 61.51628819701201, 56.02792060820504, 54.93426940878211, 55.08660280140175, 55.63284697595054, 56.775619070059065, 56.96122713879153, 56.295924247735925, 56.183823570061065, 59.69547428184938], "Microwave": [69.15242311167125, 72.35170794096874, 76.2138759712818, 78.60195781668924, 80.0654856065029, 80.04703341655375, 79.96104838929583, 79.87829910677667, 79.7930341216172, 79.70338888035876, 79.61037899793652, 79.51406225550653, 79.41398973793335, 79.31462392834567, 79.21430917438751, 79.11181207061239, 79.0052658412095, 78.89708173826784, 78.78377511360719, 78.6665038127007], "Not_Used": [63.58176116931207, 64.09699340478042, 63.84480975214059, 63.43194930333895, 63.48797785127069, 63.619733238025475, 64.49621577930714, 64.65365724070162, 63.2603178981996, 64.21794939584606, 62.533264363446335, 62.39398630597996, 62.584170872860554, 61.81223310428336, 62.535264890274725, 61.714338358691215, 62.79988975027665, 60.925606512308086, 62.48744540070776, 62.32496468121622], "Not_Used_1": [64.70187476798542, 63.620912038088235, 62.33020511591419, 62.35650385699852, 62.297133651215844, 62.509385703456225, 60.920025697305206, 61.30088252643314, 61.03847327492272, 62.52302125343742, 63.25265082299855, 62.26660758929483, 61.65415665024394, 61.98537437093261, 62.84236418211328, 63.482435369295146, 64.12303591015194, 64.44126757153859, 63.87779874168501, 64.47971516717665], "Not_Used_2": [64.11523085519553, 63.995846813975746, 63.72927730494477, 63.02989459730931, 63.510185526631346, 63.32436786444889, 63.202572892683996, 63.25260481807073, 62.877666232330775, 62.85344640884118, 63.49323124086256, 63.2037435652407, 62.60412999360919, 63.11696234539908, 62.743509613288786, 61.993321353996606, 62.338833488652114, 61.597969677206684, 61.27916606853895, 61.75935466634379], "Television_Site_Bedroom": [60.34192115830351, 61.22568139792228, 60.215273449342874, 63.35388348992363, 63.75329961714284, 65.85956408094464, 60.34967294164581, 60.56806906635606, 61.34438617253481, 59.89723071200435, 58.1287056732256, 57.54417403152174, 58.92085577654578, 58.419836789170674, 62.57157969692438, 63.14807486229858, 63.46320153003772, 62.97647006358679, 63.88150093640607, 63.80011941244004], "Television_Site_Lounge": [76.1386435320172, 75.33442937379438, 75.48961991495844, 72.02044789940513, 67.7868707070046, 67.74116798681541, 67.6775703459156, 69.67530972965922, 75.0680751202752, 78.36095048610785, 80.65785147800685, 82.54386851893531, 83.88672054038837, 82.1055010740889, 79.1163088488602, 76.15642035299972, 73.70954395396315, 70.62105047796085, 67.02142325319161, 63.55732202755263], "Toaster": [62.961323953228906, 63.87800140848848, 65.58784171556445, 65.40467411066223, 61.795354643656495, 65.6910497260842, 65.81250390859942, 65.82575928323604, 65.3790562104578, 65.27061702013759, 65.16724112346816, 64.95691030266553, 67.16165608545131, 67.04487982156144, 66.92940085973734, 66.81315114786241, 66.68813701585498, 66.5636227267023, 61.8038824969417, 61.566579239954216]}, "added_edges": [{"name": "Fridge_Freezer \u2194 Television_Site_Lounge", "from_node": 0, "to_node": 7, "baseline": 0.3551971912384033, "current": 0.6699507236480713, "increase": 0.31475353240966797}, {"name": "Fridge_Freezer \u2194 Toaster", "from_node": 0, "to_node": 8, "baseline": 0.04326546564698219, "current": 0.15441176295280457, "increase": 0.11114630103111267}], "removed_edges": [{"name": "Fridge_Freezer \u2194 Microwave", "from_node": 0, "to_node": 2, "baseline": 0.2746414542198181, "current": 0.0, "decrease": 0.2746414542198181}, {"name": "Microwave \u2194 Not_Used", "from_node": 2, "to_node": 3, "baseline": 0.10088276118040085, "current": 0.0, "decrease": 0.10088276118040085}, {"name": "Microwave \u2194 Television_Site_Lounge", "from_node": 2, "to_node": 7, "baseline": 0.4238836467266083, "current": 0.0, "decrease": 0.4238836467266083}], "edge_changes": [{"name": "Microwave \u2194 Television_Site_Lounge", "from_node": 2, "to_node": 7, "baseline": 0.4238836467266083, "current": 0.0, "delta": -0.4238836467266083}, {"name": "Fridge_Freezer \u2194 Television_Site_Lounge", "from_node": 0, "to_node": 7, "baseline": 0.3551971912384033, "current": 0.6699507236480713, "delta": 0.31475353240966797}, {"name": "Fridge_Freezer \u2194 Microwave", "from_node": 0, "to_node": 2, "baseline": 0.2746414542198181, "current": 0.0, "delta": -0.2746414542198181}, {"name": "Fridge_Freezer \u2194 Toaster", "from_node": 0, "to_node": 8, "baseline": 0.04326546564698219, "current": 0.15441176295280457, "delta": 0.11114630103111267}, {"name": "Microwave \u2194 Not_Used", "from_node": 2, "to_node": 3, "baseline": 0.10088276118040085, "current": 0.0, "delta": -0.10088276118040085}, {"name": "Fridge_Freezer \u2194 Not_Used_1", "from_node": 0, "to_node": 4, "baseline": 0.10066772997379303, "current": 0.027586206793785095, "delta": -0.07308152318000793}, {"name": "Microwave \u2194 Not_Used_1", "from_node": 2, "to_node": 4, "baseline": 0.07123173773288727, "current": 0.0, "delta": -0.07123173773288727}, {"name": "Not_Used_1 \u2194 Television_Site_Lounge", "from_node": 4, "to_node": 7, "baseline": 0.10571657866239548, "current": 0.043478261679410934, "delta": -0.06223831698298454}, {"name": "Microwave \u2194 Toaster", "from_node": 2, "to_node": 8, "baseline": 0.05494237318634987, "current": 0.0, "delta": -0.05494237318634987}, {"name": "Fridge_Freezer \u2194 Television_Site_Bedroom", "from_node": 0, "to_node": 6, "baseline": 0.053156133741140366, "current": 0.0, "delta": -0.053156133741140366}], "isolated_nodes": [1, 5], "connected_nodes": [0, 2, 3, 4, 6, 7, 8], "connectivity_threshold": 0.05}