{"house_id": 19, "timestamp": "2026-07-01 11:46:30", "graph_drift": 0.019607365131378174, "appliances": [{"name": "Bread_maker", "icon": "fa-plug", "health": 63.698385523464005, "severity": "Healthy", "confidence": 0.98, "rul": 61, "root_cause": "Normal Operation", "recommendations": ["General preventative maintenance check"], "drift_ratio": 0.9773510649734494, "normal_error": 0.1653120219707489, "faulty_error": 0.16156788170337677}, {"name": "Fridge_Freezer", "icon": "fa-snowflake", "health": 55.64507366333373, "severity": "Minor", "confidence": 0.85, "rul": 14, "root_cause": "Compressor electrical motor wear", "recommendations": ["Clean dust from condenser coils.", "Verify condenser fan is rotating freely.", "Check compressor current draw against rated plate value."], "drift_ratio": 1.219675049036953, "normal_error": 0.2604823410511017, "faulty_error": 0.31770381331443787}, {"name": "Hi_Fi", "icon": "fa-plug", "health": 59.88505007977783, "severity": "Healthy", "confidence": 0.98, "rul": 103, "root_cause": "Normal Operation", "recommendations": ["General preventative maintenance check"], "drift_ratio": 1.042428334390477, "normal_error": 0.135630801320076, "faulty_error": 0.14138539135456085}, {"name": "Kettle", "icon": "fa-mug-hot", "health": 60.98963459348887, "severity": "Healthy", "confidence": 0.98, "rul": 120, "root_cause": "Normal Operation", "recommendations": ["General preventative maintenance check"], "drift_ratio": 1.0376651489669155, "normal_error": 0.14862842857837677, "faulty_error": 0.15422654151916504}, {"name": "Lamp_80Watts", "icon": "fa-lightbulb", "health": 58.62198384263807, "severity": "Healthy", "confidence": 0.98, "rul": 106, "root_cause": "Normal Operation", "recommendations": ["General preventative maintenance check"], "drift_ratio": 1.0795053890218362, "normal_error": 0.16003698110580444, "faulty_error": 0.17276078462600708}, {"name": "Microwave", "icon": "fa-temperature-arrow-up", "health": 62.350140258411564, "severity": "Healthy", "confidence": 0.98, "rul": 90, "root_cause": "Normal Operation", "recommendations": ["General preventative maintenance check"], "drift_ratio": 0.9334479788643045, "normal_error": 0.2527950704097748, "faulty_error": 0.23597104847431183}, {"name": "Television_Site", "icon": "fa-tv", "health": 58.925701115360745, "severity": "Moderate", "confidence": 0.72, "rul": 35, "root_cause": "Internal component thermal drift", "recommendations": ["Perform general physical inspection.", "Check for standard utility connection tightness.", "Update control firmware if applicable."], "drift_ratio": 1.3311332268873413, "normal_error": 0.2206580638885498, "faulty_error": 0.29372528195381165}, {"name": "Toaster", "icon": "fa-plug", "health": 59.61349110843214, "severity": "Healthy", "confidence": 0.98, "rul": 120, "root_cause": "Normal Operation", "recommendations": ["General preventative maintenance check"], "drift_ratio": 1.0472613705532328, "normal_error": 0.1435883343219757, "faulty_error": 0.15037451684474945}, {"name": "Washing_Machine", "icon": "fa-soap", "health": 78.6680148556479, "severity": "Healthy", "confidence": 0.98, "rul": 61, "root_cause": "Normal Operation", "recommendations": ["General preventative maintenance check"], "drift_ratio": 0.7090364687491303, "normal_error": 0.1928679347038269, "faulty_error": 0.13675040006637573}], "appliance_names": ["Bread_maker", "Fridge_Freezer", "Hi_Fi", "Kettle", "Lamp_80Watts", "Microwave", "Television_Site", "Toaster", "Washing_Machine"], "mean_adjacency": [[[1.0, 0.15094824135303497, 0.03874247148633003, 0.06374932080507278, 0.07754223793745041, 0.0, 0.1383368968963623, 0.0447651632130146, 0.12757353484630585], [0.15094824135303497, 1.0, 0.02102769911289215, 0.07528945803642273, 0.12105389684438705, 0.0, 0.3619631826877594, 0.04844804108142853, 0.31768229603767395], [0.03874247148633003, 0.02102769911289215, 1.0, 0.010114548727869987, 0.005729805678129196, 0.0, 0.02051009237766266, 0.013792377896606922, 0.021231861785054207], [0.06374932080507278, 0.07528945803642273, 0.010114548727869987, 1.0, 0.04353872314095497, 0.0, 0.06815379112958908, 0.018593426793813705, 0.057894736528396606], [0.07754223793745041, 0.12105389684438705, 0.005729805678129196, 0.04353872314095497, 1.0, 0.0, 0.09695599228143692, 0.043597664684057236, 0.08921682834625244], [0.0, 0.0, 0.0, 0.0, 0.0, 1.0, 0.0, 0.0, 0.0], [0.1383368968963623, 0.3619631826877594, 0.02051009237766266, 0.06815379112958908, 0.09695599228143692, 0.0, 1.0, 0.059348199516534805, 0.2864863872528076], [0.0447651632130146, 0.04844804108142853, 0.013792377896606922, 0.018593426793813705, 0.043597664684057236, 0.0, 0.059348199516534805, 1.0, 0.06700550019741058], [0.12757353484630585, 0.31768229603767395, 0.021231861785054207, 0.057894736528396606, 0.08921682834625244, 0.0, 0.2864863872528076, 0.06700550019741058, 1.0]], [[1.0, 0.5045426487922668, 0.5235758423805237, 0.5004549026489258, 0.5058901309967041, 0.5169297456741333, 0.5084289312362671, 0.4973529875278473, 0.49723222851753235], [0.5045426487922668, 1.0, 0.507854700088501, 0.5022628307342529, 0.5149143934249878, 0.560111939907074, 0.5415464639663696, 0.4798243045806885, 0.5313871502876282], [0.5235758423805237, 0.507854700088501, 1.0, 0.49674591422080994, 0.4786277115345001, 0.49679529666900635, 0.5162644386291504, 0.5093691945075989, 0.5066043734550476], [0.5004549026489258, 0.5022628307342529, 0.49674591422080994, 1.0, 0.497182697057724, 0.5405985116958618, 0.5446914434432983, 0.49319228529930115, 0.49015820026397705], [0.5058901309967041, 0.5149143934249878, 0.4786277115345001, 0.497182697057724, 1.0, 0.5049974322319031, 0.5020801424980164, 0.5040472149848938, 0.49862757325172424], [0.5169297456741333, 0.560111939907074, 0.49679529666900635, 0.5405985116958618, 0.5049974322319031, 1.0, 0.581591784954071, 0.4882601201534271, 0.5593203902244568], [0.5084289312362671, 0.5415464639663696, 0.5162644386291504, 0.5446914434432983, 0.5020801424980164, 0.581591784954071, 1.0, 0.45997682213783264, 0.510306179523468], [0.4973529875278473, 0.4798243045806885, 0.5093691945075989, 0.49319228529930115, 0.5040472149848938, 0.4882601201534271, 0.45997682213783264, 1.0, 0.5308166146278381], [0.49723222851753235, 0.5313871502876282, 0.5066043734550476, 0.49015820026397705, 0.49862757325172424, 0.5593203902244568, 0.510306179523468, 0.5308166146278381, 1.0]], [[1.0, 0.004773241933435202, 0.0054446314461529255, 0.0033657848834991455, 0.004025753121823072, 0.0, 0.002752005821093917, 0.0019820358138531446, 0.002928889123722911], [0.004773241933435202, 1.0, 0.0023088816087692976, 0.054850537329912186, 0.008299353532493114, 0.0, 0.05407397821545601, 0.025173336267471313, 0.053766731172800064], [0.0054446314461529255, 0.0023088816087692976, 1.0, 0.002279804553836584, 0.002842119662091136, 0.0, 0.0018226885003969073, 0.002043497748672962, 0.0021193099673837423], [0.0033657848834991455, 0.054850537329912186, 0.002279804553836584, 1.0, 0.004675850737839937, 0.0, 0.024184131994843483, 0.009314782917499542, 0.05785086750984192], [0.004025753121823072, 0.008299353532493114, 0.002842119662091136, 0.004675850737839937, 1.0, 0.0, 0.003944882191717625, 0.003493364667519927, 0.003089058445766568], [0.0, 0.0, 0.0, 0.0, 0.0, 1.0, 0.0, 0.0, 0.0], [0.002752005821093917, 0.05407397821545601, 0.0018226885003969073, 0.024184131994843483, 0.003944882191717625, 0.0, 1.0, 0.015488259494304657, 0.08971589058637619], [0.0019820358138531446, 0.025173336267471313, 0.002043497748672962, 0.009314782917499542, 0.003493364667519927, 0.0, 0.015488259494304657, 1.0, 0.026062222197651863], [0.002928889123722911, 0.053766731172800064, 0.0021193099673837423, 0.05785086750984192, 0.003089058445766568, 0.0, 0.08971589058637619, 0.026062222197651863, 1.0]], [[1.0, 0.0899658203125, 0.0079345703125, 0.017578125, 0.02213541604578495, 0.0, 0.0987955704331398, 0.011555989272892475, 0.0870361328125], [0.0899658203125, 1.0, 0.010986328125, 0.0406901054084301, 0.0673421248793602, 0.0, 0.2931722104549408, 0.02685546875, 0.2482096403837204], [0.0079345703125, 0.010986328125, 1.0, 0.00146484375, 0.0008951823110692203, 0.0, 0.012166340835392475, 0.0015462239971384406, 0.010986328125], [0.017578125, 0.0406901054084301, 0.00146484375, 1.0, 0.0101318359375, 0.0, 0.0455322265625, 0.0035807292442768812, 0.03120931051671505], [0.02213541604578495, 0.0673421248793602, 0.0008951823110692203, 0.0101318359375, 1.0, 0.0, 0.0663248673081398, 0.008707682602107525, 0.0579833984375], [0.0, 0.0, 0.0, 0.0, 0.0, 1.0, 0.0, 0.0, 0.0], [0.0987955704331398, 0.2931722104549408, 0.012166340835392475, 0.0455322265625, 0.0663248673081398, 0.0, 1.0, 0.0394694022834301, 0.2433268278837204], [0.011555989272892475, 0.02685546875, 0.0015462239971384406, 0.0035807292442768812, 0.008707682602107525, 0.0, 0.0394694022834301, 1.0, 0.0354817695915699], [0.0870361328125, 0.2482096403837204, 0.010986328125, 0.03120931051671505, 0.0579833984375, 0.0, 0.2433268278837204, 0.0354817695915699, 1.0]]], "injected_nodes": [1, 3, 6, 8], "drift_ratios": [0.9773510649734494, 1.219675049036953, 1.042428334390477, 1.0376651489669155, 1.0795053890218362, 0.9334479788643045, 1.3311332268873413, 1.0472613705532328, 0.7090364687491303], "statuses": ["Healthy", "Minor", "Healthy", "Healthy", "Healthy", "Healthy", "Moderate", "Healthy", "Healthy"], "health_history": {"Bread_maker": [66.01471900126539, 66.21355592462149, 65.06951960103382, 66.0435757835383, 64.27339516164267, 63.26965188221116, 64.18753459993147, 64.24828149139913, 62.902565755982245, 61.45953580388772, 61.150846242968484, 60.56521326447748, 59.91193977406402, 62.065980217418556, 60.680114750824416, 59.98577081741966, 61.00954208983837, 61.68797947113978, 62.78529720326254, 63.698385523464005], "Fridge_Freezer": [62.72050751254143, 62.67730249133908, 61.34702138638148, 62.4133540962086, 60.31200233117385, 59.4625227126454, 60.21594771643218, 58.206348371231236, 57.10345532614746, 59.70111561863805, 60.71702860129548, 56.38552967144566, 55.42636904714725, 57.42204658948388, 59.107233809959524, 51.728857203265, 49.52672839484214, 55.37735564674628, 59.59494626905981, 55.64507366333373], "Hi_Fi": [62.925279000443126, 62.48948686782797, 62.3652001151165, 62.29485255317596, 61.95825475304767, 62.47954291292178, 62.4385579219096, 61.73442698234665, 61.58019421237303, 61.480306508880794, 62.0335785203133, 61.610990031903945, 61.103759546376395, 61.483561970308415, 60.98822448867165, 60.8866287248979, 60.38968465190725, 60.1657596401506, 60.08902376364234, 59.88505007977783], "Kettle": [63.83441869174435, 67.17785102954515, 66.13665550401396, 61.985691029110946, 58.50906143861325, 56.87517790289276, 61.77401297062853, 60.6096498448928, 59.710550485825664, 60.073121858053995, 59.801220655068605, 64.38241613838554, 67.29382336232848, 65.87398866728421, 61.55957214052761, 61.66223190938652, 61.728263281807834, 61.5723532572512, 60.15323469673286, 60.98963459348887], "Lamp_80Watts": [62.07150688003766, 62.6843942388317, 62.01679078522575, 62.21918073399584, 62.88576345815712, 62.02716225293975, 62.458602461499765, 63.41613947418443, 62.31557185581961, 62.17555704168053, 61.96999069708612, 61.55130246861631, 62.01029166523015, 61.05454271356569, 60.70094204762181, 61.2059568628316, 60.50561868731481, 61.37106163499871, 60.19378941095274, 58.62198384263807], "Microwave": [62.65357402711931, 62.60274495983519, 61.94379540043897, 61.98852374333696, 56.69866551290224, 57.04853230860184, 57.40032014300136, 57.52671878340049, 57.79770411624624, 57.75428103355401, 57.9809826203296, 58.095403299131945, 58.335361954955495, 55.34827040778492, 57.8972415001705, 61.13354502323898, 61.990654004073505, 62.613767157128294, 62.189170053983325, 62.350140258411564], "Television_Site": [56.22228565205851, 62.23117491435826, 65.58445863989178, 69.54425162524369, 72.08612938261307, 76.35211094036733, 79.37785791108212, 81.53244067299474, 82.06075036329418, 82.00174227840722, 80.88991768582619, 77.71052839845873, 74.62674646156742, 72.06052406630927, 68.3766925441228, 62.584002336818514, 56.907386229399215, 52.40413874263977, 51.761467808086984, 58.925701115360745], "Toaster": [62.98128566799346, 62.03587811093618, 62.22259361218076, 62.42877106782577, 64.88125346352152, 63.03714623955861, 62.8520595714296, 59.31110444370086, 59.41897161560195, 59.361158045116916, 59.33127876246142, 59.46437884048933, 60.94381954482079, 62.64621828772981, 61.408525232485914, 62.76918918488428, 63.01994544169452, 61.66608897118698, 59.3390387315304, 59.61349110843214], "Washing_Machine": [74.76128396404752, 77.25355308813727, 78.7665604967844, 75.63676534596448, 75.56794262293653, 78.047380707067, 74.05163680021292, 68.91506467529857, 65.03230830292644, 60.767268295999536, 56.36994538091278, 50.877125940027675, 50.711665960610794, 56.05106149543214, 63.60759565023096, 69.18327292633136, 72.32707529577348, 74.99230776829978, 77.02180637565543, 78.6680148556479]}, "added_edges": [{"name": "Fridge_Freezer \u2194 Kettle", "from_node": 1, "to_node": 3, "baseline": 0.07528945803642273, "current": 0.19148936867713928, "increase": 0.11619991064071655}, {"name": "Fridge_Freezer \u2194 Lamp_80Watts", "from_node": 1, "to_node": 4, "baseline": 0.12105389684438705, "current": 0.20134228467941284, "increase": 0.08028838783502579}, {"name": "Hi_Fi \u2194 Washing_Machine", "from_node": 2, "to_node": 8, "baseline": 0.021231861785054207, "current": 0.1666666716337204, "increase": 0.14543481171131134}, {"name": "Lamp_80Watts \u2194 Toaster", "from_node": 4, "to_node": 7, "baseline": 0.043597664684057236, "current": 0.1320754736661911, "increase": 0.08847780525684357}], "removed_edges": [{"name": "Bread_maker \u2194 Washing_Machine", "from_node": 0, "to_node": 8, "baseline": 0.12757353484630585, "current": 0.0, "decrease": 0.12757353484630585}, {"name": "Fridge_Freezer \u2194 Washing_Machine", "from_node": 1, "to_node": 8, "baseline": 0.31768229603767395, "current": 0.0, "decrease": 0.31768229603767395}, {"name": "Lamp_80Watts \u2194 Washing_Machine", "from_node": 4, "to_node": 8, "baseline": 0.08921682834625244, "current": 0.0, "decrease": 0.08921682834625244}, {"name": "Television_Site \u2194 Washing_Machine", "from_node": 6, "to_node": 8, "baseline": 0.2864863872528076, "current": 0.009661835618317127, "decrease": 0.27682456374168396}], "edge_changes": [{"name": "Fridge_Freezer \u2194 Washing_Machine", "from_node": 1, "to_node": 8, "baseline": 0.31768229603767395, "current": 0.0, "delta": -0.31768229603767395}, {"name": "Television_Site \u2194 Washing_Machine", "from_node": 6, "to_node": 8, "baseline": 0.2864863872528076, "current": 0.009661835618317127, "delta": -0.27682456374168396}, {"name": "Hi_Fi \u2194 Washing_Machine", "from_node": 2, "to_node": 8, "baseline": 0.021231861785054207, "current": 0.1666666716337204, "delta": 0.14543481171131134}, {"name": "Bread_maker \u2194 Washing_Machine", "from_node": 0, "to_node": 8, "baseline": 0.12757353484630585, "current": 0.0, "delta": -0.12757353484630585}, {"name": "Fridge_Freezer \u2194 Kettle", "from_node": 1, "to_node": 3, "baseline": 0.07528945803642273, "current": 0.19148936867713928, "delta": 0.11619991064071655}, {"name": "Lamp_80Watts \u2194 Washing_Machine", "from_node": 4, "to_node": 8, "baseline": 0.08921682834625244, "current": 0.0, "delta": -0.08921682834625244}, {"name": "Lamp_80Watts \u2194 Toaster", "from_node": 4, "to_node": 7, "baseline": 0.043597664684057236, "current": 0.1320754736661911, "delta": 0.08847780525684357}, {"name": "Fridge_Freezer \u2194 Lamp_80Watts", "from_node": 1, "to_node": 4, "baseline": 0.12105389684438705, "current": 0.20134228467941284, "delta": 0.08028838783502579}, {"name": "Toaster \u2194 Washing_Machine", "from_node": 7, "to_node": 8, "baseline": 0.06700550019741058, "current": 0.0, "delta": -0.06700550019741058}, {"name": "Kettle \u2194 Television_Site", "from_node": 3, "to_node": 6, "baseline": 0.06815379112958908, "current": 0.1304347813129425, "delta": 0.062280990183353424}], "isolated_nodes": [2, 5], "connected_nodes": [0, 1, 3, 4, 6, 7, 8], "connectivity_threshold": 0.05}